x y
490 0.035450820858243824
491 0.029389422177107567
492 0.02518004831186538
493 0.04181757256361816
494 0.039899934522821846
495 0.039910823937391114
496 0.03681563473285728
497 0.028926391444331057
498 0.028878418799828394
499 0.028077246746599192
500 0.02717171436647935
501 0.026967791440055216
502 0.02713695441853363
503 0.026961558921171136
504 0.027026284745225723
505 0.02752781171233547
506 0.02983683341114284
507 0.031068513284654542
508 0.03572873898215288
509 0.02923710626157885
510 0.028495802191543157
511 0.028998077337715502
512 0.028048260232497055
513 0.028745072940351064
514 0.08557254252687622
515 0.03488059065650719
516 0.031312914525872405
517 0.024820613892033057
518 0.05218444182078972
519 0.06932635186031301
520 0.03735504334080982
521 0.07116560852788992
522 0.02569840018344044
523 0.027610850242948997
524 0.028097234190998233
525 0.028496170621807527
526 0.028401690793172424
527 0.029123962232940736
528 0.02940004189412671
529 0.02573792771388309
530 0.026876275343686636
531 0.026985517392095287
532 0.02915621651109591
533 0.026378496301599406
534 0.02952279894292365
535 0.028085699488924958
536 0.029493059190127326
537 0.04508982499277576
538 0.036379142506754024
539 0.03794673235628361
540 0.03580455343906416
541 0.026898965893146255
542 0.025419965822217686
543 0.027474000550850593
544 0.02776383680340214
545 0.027910765994854925
546 0.027136629558154615
547 0.028388128359125114
548 0.02874323791494429
549 0.027321339568887316
550 0.027863477451150347
551 0.027584262354553354
552 0.027813373165667062
553 0.02817798613982697
554 0.029488987432640997
555 0.029502241583838972
556 0.030305759180869335
557 0.03213710882171149
558 0.028254777727093602
559 0.028787139227072024
560 0.027999433741284396
561 0.028738540384093184
562 0.02771786810638156
563 0.027921018070816154
564 0.027293512039820222
565 0.02604429407583071
566 0.02865649835155641
567 0.029740602931659543
568 0.028373735809783068
569 0.026766327681476344
570 0.02422766952958609
571 0.030961803901688623
572 0.041456893777121036
573 0.029133756120540838
574 0.028840443005774943
575 0.02852948564813873
576 0.027920177168629927
577 0.030033969586895515
578 0.02788462284337387
579 0.026448815188296917
580 0.03387956949895418
581 0.02912849522233852
582 0.028302297795428845
583 0.02849720244036621
584 0.028277772522232132
585 0.030815351901569317
586 0.028919001843179224
587 0.029621786342264058
588 0.03029373874947393
589 0.02782513622118561
590 0.02844128121645514
591 0.028499024445282555
592 0.028556194819517607
593 0.02717360049641375
594 0.026813921793473163
595 0.03020479926959472
596 0.02712185929744404
597 0.026858062186243013
598 0.028003675903909776
599 0.027802036372929377
600 0.028902262578615386
601 0.028521119561889543
602 0.029090628593305825
603 0.029082801007664718
604 0.029793993360755115
605 0.028774230433637533
606 0.029638971885530607
607 0.0290338322835589
608 0.02950385200616319
609 0.02910290542436152
610 0.029000126452821167
611 0.02917947845667486
612 0.029570482213007076
613 0.029204596993271954
614 0.029526908874830088
615 0.02972978252375644
616 0.02698013352154322
617 0.02934058396981851
618 0.029478220026608472
619 0.03139909670541498
620 0.030630622350390747
621 0.02772554923374578
622 0.027763841439976858
623 0.02821109134281174
624 0.02801402936934238
625 0.026649310217987502
626 0.028670165371973446
627 0.025765463388319875
628 0.03401048663845583
629 0.026068143201788525
630 0.028136031168504702
631 0.02469066734616859
632 0.026203834752536445
633 0.02719494577942031
634 0.0299791861202992
635 0.02682737510992706
636 0.029790606456302982
637 0.028122568634129284
638 0.02825433472262617
639 0.02801593972428803
640 0.028223393027008412
641 0.02778418170979631
642 0.027697198873768085
643 0.025921113106656422
644 0.02467925260533623
645 0.02887805541058418
646 0.029175098066407494
647 0.028282945365632698
648 0.02979680639237875
649 0.028769194273164437
650 0.028059033525144664
651 0.028955015997155012
652 0.027028446653297136
653 0.029422148007867504
654 0.02870586275572614
655 0.029877379976116284
656 0.029199700214749026
657 0.03772771063941796
658 0.04136132558258387
659 0.035230435796102175
660 0.036588516289567344
661 0.029144812577489434
662 0.026687323035436097
663 0.03224889621719982
664 0.028823310729440367
665 0.02861802489971952
666 0.028455554041960786
667 0.028875980316503364
668 0.029134009294039066
669 0.028095868590372608
670 0.028258840836831382
671 0.02825324383865186
672 0.028890539537517447
673 0.027926297096735466
674 0.030261224266373014
675 0.027365864460196964
676 0.02911914990345421
677 0.030562299199816626
678 0.031911682277449414
679 0.02554914266340526
680 0.025577562303244223
681 0.029318512017929312
682 0.02593931697578479
683 0.027845154961191138
684 0.027484940337929382
685 0.02837387383334623
686 0.028718425980885944
687 0.02836144554366313
688 0.028490494162966753
689 0.027335526340151604
690 0.025977135266404907
691 0.026054650176397024
692 0.029959737026009924
693 0.028342840869597513
694 0.028031980148046535
695 0.027862420576701
696 0.02707014216582044
697 0.028556721377047616
698 0.028142060539362097
699 0.028740663767795754
700 0.026889402742426915
701 0.029325237457637817
702 0.02852830431339018
703 0.02994848229548706
704 0.028491202826742987
705 0.027884644843881378
706 0.02453895195536921
707 0.02006175429406314
708 0.033319628575843994
709 0.028149453222327273
710 0.0278982209405856
711 0.02717744122603029
712 0.028750283236974913
713 0.029280171950088626
714 0.028804567003268458
715 0.0291707093974327
716 0.02921988187472409
717 0.02813559737757067
718 0.02862926972296045
719 0.02629019898243805
720 0.026747858524542985
721 0.03188770351018315
722 0.027590068893914084
723 0.03226050990239295
724 0.027787241273900677
725 0.02692465446930506
726 0.025535783138955315
727 0.028729230505924967
728 0.027553573601305698
729 0.02867762710125377
730 0.02849618357104094
731 0.02747214868470536
732 0.02776615381063288
733 0.028091462032569663
734 0.028093893137609828
735 0.02799599106432539
736 0.028480059278324123
737 0.027601766383210415
738 0.02844441208868021
739 0.028852235960031843
740 0.029180602800860593
741 0.026653144509993277
742 0.025339196634686003
743 0.03457402630571838
744 0.030125831777288323
745 0.029310759930310005
746 0.02746811343858459
747 0.02768088166730074
748 0.026802867537165154
749 0.029102375789806123
750 0.02842324518582359
751 0.028627956249653315
752 0.028398781395785642
753 0.029104653142388224
754 0.028786068620627308
755 0.02750248097963693
756 0.03128935792319768
757 0.028372418353803327
758 0.028268989143313165
759 0.0295581648397956
760 0.02903683193735498
761 0.03087321958839256
762 0.03183829971576471
763 0.030865146884785196
764 0.03487133968412859
765 0.02810661134794659
766 0.02755525899546014
767 0.02776512680524146
768 0.027235457560493056
769 0.02709866741513139
770 0.02660572425369112
771 0.026025849496938185
772 0.02684317174279928
773 0.027272050076359248
774 0.029184330295966388
775 0.0292817898939772
776 0.02923353829256964
777 0.028860808285481054
778 0.02875080104758825
779 0.029315392012531676
780 0.028966060330474077
781 0.028068781625151033
782 0.02505207672126479
783 0.02672667944850999
784 0.02952885818830192
785 0.030212734493794954
786 0.029080034920220807
787 0.029318155245793794
788 0.028941984353284295
789 0.02797187872624169
790 0.029788431048630604
791 0.029082382673476695
792 0.030247064375705564
793 0.030432858418389563
794 0.03437443150074248
795 0.027780277129497818
796 0.029327128444103998
797 0.027423283444580625
798 0.02850012609411997
799 0.02849227765835736
800 0.028773670063148377
801 0.028341892942213134
802 0.02849552756024382
803 0.027030163450134648
804 0.02783516106136108
805 0.028651293028703635
806 0.029097113647340227
807 0.02878092208803364
808 0.02850071731578559
809 0.02963383925950738
810 0.028053261252368285
811 0.028345282531258748
812 0.029840723091785332
813 0.030835042579338362
814 0.051512049046628657
815 0.03140538330302068
816 0.02429221804210341
817 0.029895350413023138
818 0.029322627174238076
819 0.02951059976763616
820 0.027626101355914586
821 0.03194208879975125
822 0.029281596128374436
823 0.027921482318219972
824 0.028005569927698187
825 0.02800300245275872
826 0.0280883533731114
827 0.02880934249544286
828 0.02845552896905383
829 0.027766560179507533
830 0.028123198301422674
831 0.028448432129523686
832 0.02883870759800314
833 0.028111789645237577
834 0.028799406952981672
835 0.02834701998917009
836 0.02924411964763004
837 0.026485290004910133
838 0.02834114734698514
839 0.029838702464595433
840 0.02785211971777149
841 0.029035339279345394
842 0.02748471279471391
843 0.027009700658452568
844 0.02729192678276945
845 0.025728127172669063
846 0.03017736112194293
847 0.03909425218137485
848 0.029846906824867476
849 0.028431635675363793
850 0.028582434541760907
851 0.027469764926060784
852 0.02715035710735664
853 0.02871530140539723
854 0.028647376281177223
855 0.02841711280497877
856 0.028172383834959076
857 0.029247734897163525
858 0.027700618664997127
859 0.0272650251463507
860 0.025768588886058014
861 0.033425117751809216
862 0.027533723157431796
863 0.02612202715656717
864 0.02956374171247275
865 0.029199899836734083
866 0.028891116274588832
867 0.029031720435320527
868 0.02968930741522668
869 0.027046997655815985
870 0.027367075328943512
871 0.02768069376451009
872 0.027375186464446553
873 0.027894113361751828
874 0.028413453296347535
875 0.027158297829205067
876 0.028039536416701445
877 0.0340015684541362
878 0.03431448564816137
879 0.03633406502164873
880 0.03739274717634728
881 0.030048360413524763
882 0.028032721307129114
883 0.027903365537835543
884 0.029017286524937857
885 0.03848020379680525
886 0.044748733055052954
887 0.034107109409126035
888 0.038926749910470376
889 0.033661414910099996
890 0.0321683190772659
891 0.03188030192754225
892 0.03182724726765471
893 0.04007780404162368
894 0.033964474358102514
895 0.03205643985120203
896 0.029253077400489134
897 0.03373460150494854
898 0.032780814585916064
899 0.03284998687563056
900 0.03268395308709734
901 0.02950102596873834
902 0.029183466328541692
903 0.028625765835533605
904 0.027781262681131107
905 0.03346263782202537
906 0.03665751454338989
907 0.0372069217676113
908 0.03754390916464718
909 0.035839716430835375
910 0.02690492711190008
911 0.024829887848914923
912 0.028289500122099444
913 0.03868506832392478
914 0.027485919800477376
915 0.031369350600857965
916 0.031092656982177776
917 0.03206480096335553
918 0.03326729536252746
919 0.03372456450826894
920 0.03445966573109462
921 0.03615256151886063
922 0.0361861996896208
923 0.037879008352308535
924 0.03703050574817622
925 0.035320324495848744
926 0.03535802037794462
927 0.03627809394378572
928 0.035137950759101595
929 0.03700131760899521
930 0.03794318129945331
931 0.037947247439641243
932 0.03772304757407497
933 0.025565455555246
934 0.025506896027888668
935 0.0261982402547332
936 0.027382045670437602
937 0.02893284105866138
938 0.029190607870955988
939 0.029838236583561894
940 0.02970377159757
941 0.032001643005887606
942 0.027553486354909507
943 0.026978135767272565
944 0.027635215940226124
945 0.029173385928613852
946 0.04073710267822159
947 0.04035665115382474
948 0.04095192753575641
949 0.03639007518205045
950 0.038764972738699326
951 0.03981717722658711
952 0.03986013710325826
953 0.03396765132114217
954 0.03869433970450185
955 0.0386494744118529
956 0.038454909745985456
957 0.03803426127316867
958 0.03802049550351249
959 0.038241545045060533
960 0.03814605192994392
961 0.037389678797320254
962 0.04131525355796438
963 0.04077245168947668
964 0.0417656025115027
965 0.03338408037974511
966 0.035721324410476527
967 0.03972934543024356
968 0.03545845286131312
969 0.0392850434257669
970 0.03932768352802486
971 0.03865474708903897
972 0.03889213501252734
973 0.03763775026018459
974 0.03724387207859204
975 0.03353742685157368
976 0.033656563029879384
977 0.039028219515341654
978 0.03907947369895014
979 0.03916341895460531
980 0.03898261655137743
981 0.038947385830489976
982 0.03963800854424339
983 0.03874236491530712
984 0.03952157862586797
985 0.03883286464832602
986 0.03956270271981032
987 0.039135005534799365
988 0.039575180661930894
989 0.03670204588226614
990 0.03665909402709733
991 0.036426631914693135
992 0.03613637029938229
993 0.0379459131706662
994 0.03790184821891065
995 0.03864337556315064
996 0.03785816590850199
997 0.03904134165558799
998 0.0394556563788553
999 0.03945990217157943
1000 0.03979867784022033
1001 0.03950900577802054
1002 0.03942022407485021
1003 0.03909831681570904
1004 0.03954775934690058
1005 0.040436480308022646
1006 0.04047455035549417
1007 0.04028460444290065
1008 0.040426159070478605
1009 0.03541033919893337
1010 0.03367565696404385
1011 0.0336960731275742
1012 0.030950204899936166
1013 0.03903468959178853
1014 0.038955360375603265
1015 0.0387603101942156
1016 0.03919005461811265
1017 0.036381543470114595
1018 0.03716153516554119
1019 0.03687690266855238
1020 0.037215369770171494
1021 0.03414708879541221
1022 0.033067281130392576
1023 0.03273310371268559
1024 0.033228059131283245
1025 0.03370050529785564
1026 0.032728890832383874
1027 0.032983295537754836
1028 0.03333371449718207
1029 0.03627508093765992
1030 0.036991409709209
1031 0.03732579971284561
1032 0.03750206077788319
1033 0.040339291111836546
1034 0.040165834630192444
1035 0.040517962991437576
1036 0.0405584874738278
1037 0.03906006017203165
1038 0.039486804719602885
1039 0.039617010458498095
1040 0.039515745388906266
1041 0.034756785931272356
1042 0.036213764905050745
1043 0.038425218005029294
1044 0.03769613752807704
1045 0.03815447624745313
1046 0.03849051613510701
1047 0.038380908280181675
1048 0.03870308828772808
1049 0.035581854881262705
1050 0.03433894768307384
1051 0.0338471492462617
1052 0.03451137607618753
1053 0.03448739600235776
1054 0.0348381032225154
1055 0.0357358407361789
1056 0.03666363969292328
1057 0.038132531436642775
1058 0.038468414430272616
1059 0.038250725995219004
1060 0.0379921120522518
1061 0.03877264777264472
1062 0.039134077290387835
1063 0.03931702446265423
1064 0.03898435393928373
1065 0.03887382988598173
1066 0.03822791857505758
1067 0.03886383322111605
1068 0.038416012849926406
1069 0.0352062535829402
1070 0.038158857164040286
1071 0.038563903300054214
1072 0.0391239079976805
1073 0.039392328489069144
1074 0.03946312468770868
1075 0.04030306158514413
1076 0.039226503370784496
1077 0.040158048243066874
1078 0.039491344579124434
1079 0.040516391542968606
1080 0.04031133825801597
1081 0.04103894851972496
1082 0.04260846682791228
1083 0.043268669895756354
1084 0.04196770484415397
1085 0.0371933169320926
1086 0.036423195934746244
1087 0.03526858474749696
1088 0.03594728181283908
1089 0.03267769515676645
1090 0.03681417126661537
1091 0.03682440123420707
1092 0.03718124786926527
1093 0.16001782184806304
1094 0.12535868906542297
1095 0.081853741228045
1096 0.048099227134608
1097 0.043506899513256175
1098 0.04117666502146808
1099 0.04042537351786144
1100 0.040138300201299854
1101 0.04012888221392227
1102 0.04075508365929278
1103 0.04014975923200647
1104 0.0394950323599113
1105 0.040240607243587134
1106 0.040015332764169034
1107 0.0405219151059923
1108 0.039776682659253
1109 0.0395836195432825
1110 0.036277366404786376
1111 0.034082039594800474
1112 0.04105928644357109
1113 0.044536187584869776
1114 0.03533834312985444
1115 0.03725382492454542
1116 0.03746080148186745
1117 0.03624085709094662
1118 0.03620344103027882
1119 0.03520166110754157
1120 0.03465000655912217
1121 0.02771869426126943
1122 0.035579770154916285
1123 0.036951874007419616
1124 0.05565867481292623
1125 0.02876966327013523
1126 0.036264670373795174
1127 0.0378799744887121
1128 0.038247139780505465
1129 0.0404277206440583
1130 0.035078463911864505
1131 0.034539472209895054
1132 0.03303268740771626
1133 0.0637152484031439
1134 0.07278810385255613
1135 0.06851239383484496
1136 0.06062880039858441
1137 0.06451605227137415
1138 0.02895263508690521
1139 0.030348777188596143
1140 0.035371884200329114
1141 0.0391264776765945
1142 0.037704283665595084
1143 0.0365210860962448
1144 0.035544494394798745
1145 0.036420938008607025
1146 0.03299729748754253
1147 0.03206741589491143
1148 0.03383912869112757
1149 0.05599160024546635
1150 0.07303765984524438
1151 0.03838759273799834
1152 0.034602620092104394
1153 0.3121836424986133
1154 0.19899115109581428
1155 0.146156957003754
1156 0.1011225485929645
1157 0.08301696671655494
1158 0.20167129563231662
1159 0.21198518695770088
1160 0.22305476346646208
1161 0.2121413832764963
1162 0.12460568660041751
1163 0.0873504894997458
1164 0.06309940819246415
1165 0.044446027203337395
1166 0.038210387602327235
1167 0.03773857439088158
1168 0.0354553806124337
1169 0.08777985359902203
1170 0.06743841095265793
1171 0.06226010655098997
1172 0.05525660730184622
1173 0.03340456631050631
1174 0.04063922374561564
1175 0.04764966349840422
1176 0.04661676216516187
1177 0.13274820229711223
1178 0.08332509695053711
1179 0.06659392543007722
1180 0.05812464711698515
1181 0.036520322271424786
1182 0.0714048437368908
1183 0.06393422446815199
1184 0.07121274343672339
1185 0.03507934570093738
1186 0.037700854423854714
1187 0.03963486280360048
1188 0.042010827881040186
1189 0.059746042798269346
1190 0.13186453046148153
1191 0.1466080979747122
1192 0.15473944956167718
1193 0.042145535475548924
1194 0.09955043953379293
1195 0.11737693694984616
1196 0.1474532862636985
1197 0.07743993396053796
1198 0.044135500030315425
1199 0.04268799980585535
1200 0.04306027946585858
1201 0.03880929868318496
1202 0.08507946848940484
1203 0.1174116251126773
1204 0.15919209696699882
1205 0.03967624913711886
1206 0.05258924568714281
1207 0.056577960953243446
1208 0.05812420222335312
1209 0.07738714275304684
1210 0.08771659289455817
1211 0.09786384036207293
1212 0.09874192888686596
1213 0.0891373014053674
1214 0.04453851877014208
1215 0.034245910813566524
1216 0.032234722981984945
1217 0.044990789443472054
1218 0.039383297653399395
1219 0.03817487612122825
1220 0.03603666143839189
1221 0.07476505428136772
1222 0.1638591331573152
1223 0.19224726144593043
1224 0.22223430573871206
1225 0.1351427347099359
1226 0.14008770162208678
1227 0.13349720815624663
1228 0.12694587981794034
1229 0.07167357891577184
1230 0.0414891261204139
1231 0.04248942921879245
1232 0.04206030363485987
1233 0.05317923846317909
1234 0.08574836218742811
1235 0.08651192289670064
1236 0.09877001543593791
1237 0.1176539731535731
1238 0.0850248017851515
1239 0.06447270390626497
1240 0.05264271538675093
1241 0.0766734771942017
1242 0.06375325411713369
1243 0.068305473476317
1244 0.06760615398642662
1245 0.07161663948809943
1246 0.07629028698791615
1247 0.0834629407204381
1248 0.09793650630871328
1249 0.04323581297120311
1250 0.05581735114214695
1251 0.0546858348333637
1252 0.051151944729643566
1253 0.02545359212032746
1254 0.05947083380731708
1255 0.0776466379547425
1256 0.09264322552020723
1257 0.15767576227790983
1258 0.1380451150225543
1259 0.1262042342053074
1260 0.11723012983729748
1261 0.03940205043955184
1262 0.042277804129168456
1263 0.044335032480173994
1264 0.04876691653456117
1265 0.21949327734753737
1266 0.17245082716007723
1267 0.1518307006807519
1268 0.1271462552591523
1269 0.044187626639752585
1270 0.09618754943932065
1271 0.1295130967142145
1272 0.14139936096802427
1273 0.03309512662382266
1274 0.04660473290454327
1275 0.06359294686416529
1276 0.08589787370973131
1277 0.038709639351355914
1278 0.0618502213336849
1279 0.06565431587631038
1280 0.07353531474078456
1281 0.04215687401806925
1282 0.09901901253680563
1283 0.10912633480776526
1284 0.1229133889125285
1285 0.09374463250330241
1286 0.051729262976780176
1287 0.03643267020493715
1288 0.02983957962486136
1289 0.05770063457380704
1290 0.02962768190464439
1291 0.03455704908284594
1292 0.047479921125606575
1293 0.08838064969390011
1294 0.15960246231544273
1295 0.16651009620832932
1296 0.17641653505456492
1297 0.04364846650374292
1298 0.08543478885864209
1299 0.12680246910626086
1300 0.16343663182058005
1301 0.31119154786917647
1302 0.3040645541981695
1303 0.27487173226007194
1304 0.22333192050185105
1305 0.05456212491310882
1306 0.042567518104761955
1307 0.041444655217636746
1308 0.041359224433003786
1309 0.15899173237997405
1310 0.25273940591924354
1311 0.26629607398272975
1312 0.2713750986866924
1313 0.21196472746682665
1314 0.052742719028898134
1315 0.04277653661573694
1316 0.04932961667444382
1317 0.19816870180822513
1318 0.22672396621345053
1319 0.21605324687177072
1320 0.19078804755378492
1321 0.10467523564045123
1322 0.06994951549139741
1323 0.06137615698072648
1324 0.0560059989425443
1325 0.05095329005786724
1326 0.06387813670972455
1327 0.08618679334070056
1328 0.09603388613302113
1329 0.24035429753555748
1330 0.20186656779561404
1331 0.1679765343623391
1332 0.14469299173662814
1333 0.03315919243480202
1334 0.05987812035180138
1335 0.05288464122633859
1336 0.050842118652624425
1337 0.06194872168045005
1338 0.07533933733633773
1339 0.08358649160646588
1340 0.09437876576325331
1341 0.041408735787624384
1342 0.05974684403793273
1343 0.08456195102725873
1344 0.10060485769748514
1345 0.16974846939103577
1346 0.12865309008099932
1347 0.09271250702129402
1348 0.06624197179716643
1349 0.13473288130530434
1350 0.09384529496021796
1351 0.08103639497846572
1352 0.06133738657498486
1353 0.03899743618309059
1354 0.04227486691062629
1355 0.05123276391144391
1356 0.06352102937527494
1357 0.03898792538535457
1358 0.04148181926351598
1359 0.04279110803526895
1360 0.044989908989113404
1361 0.0578440104657771
1362 0.03764626143081931
1363 0.037674779929639544
1364 0.037085250473284086
1365 0.08378121917193378
1366 0.12013323736036127
1367 0.11121638753803129
1368 0.10696230117284884
1369 0.046373389243875913
1370 0.03598279180245763
1371 0.03661141369263195
1372 0.037921963479883435
1373 0.12928902593795807
1374 0.12290693064116028
1375 0.1333433460795178
1376 0.1296017547288185
1377 0.04219096430373212
1378 0.06052026547101069
1379 0.09140241634745251
1380 0.10894781866727335
1381 0.17127525692156054
1382 0.1599344332626652
1383 0.1455082490191866
1384 0.12747548940851383
1385 0.029520322965523735
1386 0.09125791433902732
1387 0.09395627225035905
1388 0.09310789634751138
1389 0.09730068041153002
1390 0.06333508747497461
1391 0.061289843612330995
1392 0.05511046312702981
1393 0.027318636741310433
1394 0.04154226520458958
1395 0.044740333668330745
1396 0.04820296224286665
1397 0.03475961674545464
1398 0.08921025960828774
1399 0.09861256898722662
1400 0.11301401752106477
1401 0.056443981504449924
1402 0.06438740961153101
1403 0.06655735232969193
1404 0.07346504726705862
1405 0.07203583947158998
1406 0.05090226656897326
1407 0.08831546379010735
1408 0.12015526673387819
1409 0.04282164916113965
1410 0.10400805148971097
1411 0.13679862185442798
1412 0.17113841071765554
1413 0.038780131562323385
1414 0.08174267674368975
1415 0.1089991462322921
1416 0.14965346527583775
1417 0.10061162289094745
1418 0.032786381522127976
1419 0.030430765733583585
1420 0.03522116256487447
1421 0.07141574020978143
1422 0.07438798123438274
1423 0.06138748255816152
1424 0.05061816732171593
1425 0.04774862001882791
1426 0.04594587105632186
1427 0.04991260745215557
1428 0.05340766327051851
1429 0.12753081916269138
1430 0.14013004627903103
1431 0.13093231551050488
1432 0.12184906812111417
1433 0.03296140331963825
1434 0.06846291054292178
1435 0.08002252099468062
1436 0.09447605482986485
1437 0.07582483223058578
1438 0.049435459434675436
1439 0.045122875284222715
1440 0.04295048189635934
1441 0.06115975510905794
1442 0.08967817516951387
1443 0.07642576677769429
1444 0.06628116787984617
1445 0.06207195637770912
1446 0.07358864162660857
1447 0.06199693133250321
1448 0.06205002664251646
1449 0.0364669948995034
1450 0.03822756904518542
1451 0.047877989551751286
1452 0.05997263683307752
1453 0.07789921707698406
1454 0.04216840457114972
1455 0.0404773250855247
1456 0.04381743792106854
1457 0.03938646160101109
1458 0.09889678565727963
1459 0.12208289386631749
1460 0.13277919165171945
1461 0.16703867524806093
1462 0.12138811444019101
1463 0.09901260663041292
1464 0.07837027300949287
1465 0.029370068486936487
1466 0.04108327600872477
1467 0.04332356817293213
1468 0.04776047885402
1469 0.04140549673399896
1470 0.041265481137807244
1471 0.037652191680353934
1472 0.03190808585737836
1473 0.06048343631308793
1474 0.03877286407084618
1475 0.03382794322768293
1476 0.028745712251290124
1477 0.06497797888406252
1478 0.13465894300641998
1479 0.14085184202601392
1480 0.14915952020906856
1481 0.0641556496744297
1482 0.09361692062226008
1483 0.11548890342597548
1484 0.13884472051021926
1485 0.058328277112991905
1486 0.03601734679353779
1487 0.041606568114131874
1488 0.04794500770748462
1489 0.04317058696024866
1490 0.03202646192996105
1491 0.03670625533254778
1492 0.05149147851252202
1493 0.1672361316068596
1494 0.06790498387860915
1495 0.04411114139757714
1496 0.03501035406891975
1497 0.11694700258129063
1498 0.12059173537460369
1499 0.09883681401028527
1500 0.08130435878801114
1501 0.1333558557199915
1502 0.1287147379968893
1503 0.1261942135694724
1504 0.11113332800173598
1505 0.03349574674256604
1506 0.06458836015795967
1507 0.08465681242019527
1508 0.1003041501182807
1509 0.04227566543523867
1510 0.02814167088516707
1511 0.046979640892716376
1512 0.06380301353971944
1513 0.05766214838618025
1514 0.03880157059158632
1515 0.03632828754927001
1516 0.03212953598711981
1517 0.04559973533999837
1518 0.06423693299135004
1519 0.06346829927069796
1520 0.07158425348626198
1521 0.030379270041930497
1522 0.030599528521547646
1523 0.03295731303375774
1524 0.03428842500429657
1525 0.05605456654494935
1526 0.12200359220806319
1527 0.1497264399006246
1528 0.1713120641582716
1529 0.14851341392530093
1530 0.1135311585743244
1531 0.10407673845536013
1532 0.09471501930859977
1533 0.031788131892277686
1534 0.02771726184484472
1535 0.027858033168793737
1536 0.029406956172438003
1537 0.0822351500344104
1538 0.1475468145811409
1539 0.17709539728999593
1540 0.20133723328912406
1541 0.15998837251400383
1542 0.05209323180177819
1543 0.03463879370121648
1544 0.029747066440554807
1545 0.03769491724439278
1546 0.043254127263016535
1547 0.04679994557208007
1548 0.04914806832481611
1549 0.047779889710688826
1550 0.04983326264106863
1551 0.04896462538458963
1552 0.047661716947931095
1553 0.04340355474408381
1554 0.05474457082450703
1555 0.0694417826024704
1556 0.07825947219120254
1557 0.03667486080958695
1558 0.0310857508795543
1559 0.032747893455281424
1560 0.03425237628300036
1561 0.03860594945533738
1562 0.035804413953587785
1563 0.03618691090806913
1564 0.035086317316580705
1565 0.03356020826777836
1566 0.03416820407976338
1567 0.03444359464379795
1568 0.03374182985198787
1569 0.03684205941642741
1570 0.04152386653082257
1571 0.042336672199455194
1572 0.04499747009501138
1573 0.05268650309197841
1574 0.05176398516660134
1575 0.05269019470688005
1576 0.05362986246925985
1577 0.06532119219640395
1578 0.07959423730800114
1579 0.08827957853365365
1580 0.09553170107562296
1581 0.04690226377143956
1582 0.04287091847859887
1583 0.046508137645207004
1584 0.060360685849596245
1585 0.18456983834182256
1586 0.18544746718586952
1587 0.17925743754368537
1588 0.16899419859466672
1589 0.13983747463187413
1590 0.10694758876454688
1591 0.09676623285581559
1592 0.08591501618031823
1593 0.029443604112993106
1594 0.02769661274577211
1595 0.029574831594522333
1596 0.03254594283839937
1597 0.11469641956934533
1598 0.11906441430575318
1599 0.1155625787862237
1600 0.11244548047847602
1601 0.04162060918741687
1602 0.05336725045177378
1603 0.05412121592659875
1604 0.05450592814447566
1605 0.10237574232399373
1606 0.10882694046037726
1607 0.10412000470740626
1608 0.09369031979970194
1609 0.062453349728744244
1610 0.05746779012080025
1611 0.05389662285683128
1612 0.050034392731956506
1613 0.04342235757191838
1614 0.04304127166574515
1615 0.04340100124928487
1616 0.04493425561416971
1617 0.03741899634778984
1618 0.09253024734646215
1619 0.1065490182116249
1620 0.120459705055253
1621 0.0815677466355841
1622 0.05282547858751423
1623 0.05323137817640608
1624 0.05670059282462621
1625 0.08534720781049647
1626 0.054282653042136954
1627 0.04150608624956306
1628 0.03374885524244386
1629 0.03657410476865296
1630 0.08039372026246672
1631 0.09111945266316905
1632 0.09784265196327711
1633 0.05783689005470734
1634 0.03974220727079949
1635 0.03835031030363248
1636 0.03816606725569726
1637 0.03637681526623424
1638 0.03157417508001012
1639 0.028448325246515492
1640 0.024691605054658627
1641 0.09263203348801727
1642 0.15338696125426798
1643 0.16269691695484337
1644 0.1679941389013855
1645 0.13419500923471922
1646 0.07674543992718456
1647 0.05395603301048885
1648 0.04576375188792023
1649 0.045462633918433415
1650 0.08658796498558617
1651 0.08709353248768655
1652 0.08973258998563723
1653 0.11152494275926067
1654 0.1356392616726682
1655 0.1342113356438159
1656 0.130632162448567
1657 0.055491415947333075
1658 0.048694983584634165
1659 0.05416717357296248
1660 0.058306934266391275
1661 0.05827895943989978
1662 0.04777077513471453
1663 0.04701589383338629
1664 0.04474280318086771
1665 0.041074860912634854
1666 0.04670448023635144
1667 0.05001301294572867
1668 0.05144893356301243
1669 0.04273419876056747
1670 0.09419927754219395
1671 0.11975481506890837
1672 0.1426842635834757
1673 0.052194273475612396
1674 0.058230221491562414
1675 0.07524336952773966
1676 0.08952922650437703
1677 0.04573732842230471
1678 0.08765880248997544
1679 0.11819902160006604
1680 0.1454835583366708
1681 0.04754129908541706
1682 0.11187072653827126
1683 0.13366336381982716
1684 0.14991879034259922
1685 0.14163384342598845
1686 0.05934612458225373
1687 0.11731967236998526
1688 0.16251979094353328
1689 0.19916826782919997
1690 0.13367732069006832
1691 0.10900107715068935
1692 0.09119979233555744
1693 0.02880827203891346
1694 0.04394626177982514
1695 0.05848794388696071
1696 0.07609805752211546
1697 0.06367806418324377
1698 0.07014556369927616
1699 0.07840173602506965
1700 0.08277162607128764
1701 0.0679343176653484
1702 0.04319075442703337
1703 0.04265867203689511
1704 0.04618172748773848
1705 0.039092321041570795
1706 0.05986998475314835
1707 0.056225957687091335
1708 0.06779708940342002
1709 0.03485260157156695
1710 0.03514416103751537
1711 0.038048977803726104
1712 0.03969313712581941
1713 0.043161412949974345
1714 0.050170475638565706
1715 0.05544352011925293
1716 0.06237297314508375
1717 0.05577544298968582
1718 0.053599823438332285
1719 0.05093602336184582
1720 0.04080123012337505
1721 0.04207797651187127
1722 0.040736943491012444
1723 0.04013148010613701
1724 0.03970182082478332
1725 0.032907865100612194
1726 0.02945455789194964
1727 0.031019863219986038
1728 0.032635698386664705
1729 0.03310120610854602
1730 0.03490069485636806
1731 0.03822863639221979
1732 0.03687544645652591
1733 0.0432673707193414
1734 0.03130567769767402
1735 0.028556739893238745
1736 0.028417588115766248
1737 0.03461133103512614
1738 0.037921315813372845
1739 0.03887620200090839
1740 0.04403573471285869
1741 0.0929707383735615
1742 0.04913973658922055
1743 0.03812762401788899
1744 0.030294323549558806
1745 0.03786403959610176
1746 0.05969360058832618
1747 0.062265476927116106
1748 0.06221249670491411
1749 0.036681361778784775
1750 0.06670594629987714
1751 0.08166673561718514
1752 0.10168586670516547
1753 0.1710880341667403
1754 0.21172356661114208
1755 0.2267240349623662
1756 0.2351252149897324
1757 0.2068917503050369
1758 0.15871299891799637
1759 0.14803518423781542
1760 0.13159652611695327
1761 0.047806072144158676
1762 0.03923721127926402
1763 0.042202918609084206
1764 0.045428275455344155
1765 0.08535299436166291
1766 0.09081378601082528
1767 0.09007141053256164
1768 0.07551238115801748
1769 0.16182128533882104
1770 0.15645322553381946
1771 0.1328028941726872
1772 0.10870947217938642
1773 0.05851045528532615
1774 0.049225362850943026
1775 0.042438118879184576
1776 0.04041501102086061
1777 0.04032067055905208
1778 0.044535745980874675
1779 0.0398765624412448
1780 0.03540237915723442
1781 0.04047991952845535
1782 0.05608232441137879
1783 0.08256956422576936
1784 0.11638929126604314
1785 0.16764413599251862
1786 0.17116602435569978
1787 0.18130051369474603
1788 0.18432994968016753
1789 0.13445381198709447
1790 0.10847911433386191
1791 0.09816304068465455
1792 0.08626314857188176
1793 0.13810498939041607
1794 0.11989841421346892
1795 0.10668550615617692
1796 0.09380932096164038
1797 0.18087283642057994
1798 0.14548435209224359
1799 0.12322064393961515
1800 0.09254046555249439
1801 0.057257394991037755
1802 0.0547679003471388
1803 0.046356291064940526
1804 0.045429371935144514
1805 0.05320881216723933
1806 0.030536299804997228
1807 0.028800428839218836
1808 0.03397495439270178
1809 0.09928074536954387
1810 0.11012215717919213
1811 0.10627480711982516
1812 0.10547926265468162
1813 0.09347299363410957
1814 0.076590133505626
1815 0.06004844098399748
1816 0.04747325555534354
1817 0.035645287535121375
1818 0.07947060725243485
1819 0.08653843115819879
1820 0.1010402504731574
1821 0.07193866169357643
1822 0.10383814608528254
1823 0.10641315005619137
1824 0.10433972677975593
1825 0.06916276917228462
1826 0.032664690010483735
1827 0.02814113364113223
1828 0.034499590637604216
1829 0.23219770227950218
1830 0.29189085134066894
1831 0.2984030549816966
1832 0.2886907917032207
1833 0.24287341590520586
1834 0.21601131051898445
1835 0.19235263732495017
1836 0.16852938098380796
1837 0.12239708106601133
1838 0.20207414068774954
1839 0.21422952205292176
1840 0.22280018807852323
1841 0.2289058706869196
1842 0.16747114481955522
1843 0.13007139127498143
1844 0.09405761791115518
1845 0.16564307266284903
1846 0.26698139455045533
1847 0.28642021204235973
1848 0.2913983239063482
1849 0.3298195574031515
1850 0.28803846203527894
1851 0.25775338757051314
1852 0.22255391505847788
1853 0.04980890113448574
1854 0.11381757334499827
1855 0.15226366415150253
1856 0.17677473729971976
1857 0.2639660577600567
1858 0.21251449186451526
1859 0.185592951254855
1860 0.15706607869216052
1861 0.033919086669887764
1862 0.061380085760542484
1863 0.06523222160039588
1864 0.06346971579648406
1865 0.1731320783004695
1866 0.1837133520624689
1867 0.16706698112961763
1868 0.15488765347901337
1869 0.08840134356459525
1870 0.05725130204851792
1871 0.051628566801536664
1872 0.04713086661403295
1873 0.16935210621596325
1874 0.2539658745490685
1875 0.2455054692331617
1876 0.24362602840732145
1877 0.08936412129576005
1878 0.05865854588665627
1879 0.057950961671589155
1880 0.057047294923364175
1881 0.07935844118549333
1882 0.06052230787114407
1883 0.05660116684097758
1884 0.04814103905264443
1885 0.03834978112522894
1886 0.0825119071602595
1887 0.10217004332313252
1888 0.11266122709591338
1889 0.18132604898990326
1890 0.09772061751818098
1891 0.0685779342199642
1892 0.037900236228458443
1893 0.0447729451221749
1894 0.03780984749910522
1895 0.03548323653233298
1896 0.037237960261132456
1897 0.04603617348112511
1898 0.08644889281899644
1899 0.10405248180763361
1900 0.1214805872214423
1901 0.05185274319084493
1902 0.10923218769033041
1903 0.12346032681341174
1904 0.13076132640658006
1905 0.12139702009620275
1906 0.10209660151653473
1907 0.09403464003541777
1908 0.08096737611172287
1909 0.14337687268545093
1910 0.20634544279507372
1911 0.21190281791108737
1912 0.20925803733872567
1913 0.15540046385246084
1914 0.10150957724325851
1915 0.08697461898408429
1916 0.06586212773353095
1917 0.11843728268226066
1918 0.15098300582142812
1919 0.15388367470866995
1920 0.14744263677427114
1921 0.06213556131556369
1922 0.02862564753555543
1923 0.03022274657120069
1924 0.03389705510878433
1925 0.12804032140399932
1926 0.17640595065646286
1927 0.17921024345834555
1928 0.17846689837691823
1929 0.1229266580307409
1930 0.10903663260103946
1931 0.10416248507817741
1932 0.10428779154766404
1933 0.03854838856485213
1934 0.03764815949388119
1935 0.03622377596410576
1936 0.036568616781651
1937 0.05202190636146008
1938 0.08260814117866147
1939 0.08346610784656854
1940 0.08955702243881596
1941 0.04285206270020619
1942 0.03640533265512551
1943 0.042225471427183435
1944 0.0523721402318635
1945 0.041324914216668784
1946 0.047874770058436746
1947 0.050941123424068306
1948 0.05174747033624669
1949 0.07696323669230361
1950 0.07072020453867564
1951 0.04744024034155538
1952 0.035033320092731135
1953 0.06025704681269532
1954 0.1122950490715554
1955 0.12709133507397688
1956 0.1433178451832551
1957 0.09066130891261578
1958 0.05502163903500337
1959 0.05535760423409041
1960 0.052759356749539604
1961 0.03896621385575138
1962 0.04441185453357896
1963 0.05102418559086763
1964 0.06204742936917139
1965 0.08788556166358891
1966 0.10320561243831937
1967 0.11645362432886812
1968 0.12477025684916009
1969 0.1472588546888852
1970 0.13346514531842985
1971 0.11703153207532788
1972 0.10162139352749791
1973 0.0348211546352153
1974 0.05249187847657975
1975 0.07150525391476381
1976 0.09104459163092986
1977 0.05026776060880369
1978 0.036445414235374375
1979 0.035168756841312244
1980 0.03290848353871951
1981 0.034185523747993295
1982 0.05001480288390424
1983 0.051645456420855454
1984 0.05614271500203645
1985 0.04609899012969523
1986 0.04447897859339208
1987 0.05326304269112336
1988 0.05039517680504713
1989 0.11743528488208403
1990 0.14676432700037853
1991 0.13678719210483906
1992 0.12789825462483911
1993 0.12380917116671336
1994 0.1321677463598705
1995 0.12446204223774898
1996 0.12147569792829205
1997 0.056960638113168705
1998 0.02811883995916168
1999 0.024854560974623296
2000 0.029633304287348994
2001 0.040025045359729554
2002 0.08747202408188143
2003 0.09854565600353321
2004 0.09978183889171673
2005 0.19406890200753155
2006 0.22156213853028103
2007 0.21345707841201197
2008 0.20481454621960202
2009 0.12269966551424918
2010 0.0501750899937342
2011 0.04394773402971683
2012 0.041570901893377976
2013 0.06244607798507713
2014 0.06379112999661789
2015 0.05842258026053014
2016 0.0543857569867217
2017 0.02858451415000741
2018 0.03427251339225889
2019 0.03499364154077348
2020 0.03750639687307487
2021 0.05580014581608397
2022 0.03601857795133217
2023 0.03579967250914623
2024 0.03804337819650138
2025 0.12992881390021147
2026 0.1807488786172726
2027 0.17323021611854442
2028 0.1567674814654159
2029 0.05873048491628542
2030 0.06000550169941495
2031 0.05187061714819714
2032 0.05361301837567096
2033 0.05416947674759545
2034 0.024823945117586604
2035 0.027107976982675034
2036 0.052580967273339656
2037 0.12390625994777832
2038 0.12069209731961879
2039 0.11848255718488226
2040 0.1079081761151377
2041 0.18413819995757988
2042 0.08850740921027203
2043 0.0462955742573378
2044 0.028539977692000434
2045 0.03874569676573088
2046 0.037967759988120714
2047 0.03907075924317217
2048 0.038359044438848994
2049 0.03928018530682588
2050 0.06348971333694155
2051 0.0855803403016391
2052 0.10787215685366068
2053 0.027773544183979388
2054 0.10399614987546837
2055 0.12236278459139023
2056 0.14059679784894652
2057 0.13779923628168975
2058 0.19270601547899358
2059 0.20980536003844277
2060 0.22515565186508915
2061 0.08099622105426754
2062 0.0327435155288642
2063 0.031482693607748614
2064 0.03317425869357047
2065 0.04992656744325805
2066 0.12279901930079762
2067 0.15123798581210296
2068 0.1764166926054158
2069 0.12689969902188422
2070 0.0621326008733747
2071 0.04613541560648829
2072 0.030974641447315758
2073 0.041115839437090504
2074 0.08157478759826305
2075 0.09771806143758849
2076 0.11041662881558459
2077 0.09777296024318831
2078 0.07668941481393232
2079 0.07303881750175031
2080 0.06769919708894115
2081 0.030232519144329922
2082 0.10483951323645266
2083 0.13449067366379003
2084 0.15864665232991995
2085 0.11744632263649481
2086 0.1003132059713246
2087 0.09966413828730936
2088 0.09707661528770485
2089 0.07301686506131094
2090 0.04988289440046954
2091 0.04214119605283458
2092 0.04042916075137563
2093 0.05285375846419994
2094 0.054530580008166414
2095 0.05480263721075415
2096 0.057492942215144185
2097 0.04262473885788217
2098 0.07022909544909502
2099 0.07012589786524186
2100 0.06721871943730895
2101 0.039791368525907665
2102 0.043423096946651085
2103 0.04347930165882293
2104 0.04439387644089526
2105 0.06875763938716108
2106 0.07103683185047628
2107 0.07420398844564731
2108 0.0772027376964922
2109 0.06306136018478133
2110 0.05476548861171164
2111 0.05157136807204829
2112 0.04806402419681475
2113 0.11455181430452374
2114 0.168135153608531
2115 0.18337841206066685
2116 0.19719443203479003
2117 0.2467320016622648
2118 0.22787501618224412
2119 0.22323581276009713
2120 0.2159656640340868
2121 0.118589127259114
2122 0.06258934529022586
2123 0.040390929539847555
2124 0.033631690340110945
2125 0.05434029401575841
2126 0.03581282416466597
2127 0.03489565175628267
2128 0.032623630085804295
2129 0.08204880240439079
2130 0.10215206518891358
2131 0.10634322234339112
2132 0.10745401155274623
2133 0.22116844394400434
2134 0.21576616339424673
2135 0.20946192187079113
2136 0.19785258676498826
2137 0.16028563985322475
2138 0.13372398560945903
2139 0.11768699592252027
2140 0.09980065434770823
2141 0.0678943223752127
2142 0.11610103409975958
2143 0.12173133682584264
2144 0.12669957144952604
2145 0.11295018081077808
2146 0.1382924028919143
2147 0.1373822064417151
2148 0.1361591441842324
2149 0.0360364376862292
2150 0.03407712146615747
2151 0.03559220761688713
2152 0.03732934968212651
2153 0.033008785024339966
2154 0.030464970227601584
2155 0.031675010270474806
2156 0.03221401934084972
2157 0.031244875450487826
2158 0.04426117967494285
2159 0.0510787999838539
2160 0.05318953267290021
2161 0.07981952382856171
2162 0.13136971202281578
2163 0.1409895786410305
2164 0.14985857559379184
2165 0.09111757798224694
2166 0.054667721310367554
2167 0.04873614456784878
2168 0.04741252776770965
2169 0.13842587389641375
2170 0.16867069051718178
2171 0.1692386022659644
2172 0.16630611742444773
2173 0.14167669347292164
2174 0.11133545084834191
2175 0.08798754253214905
2176 0.0673889284592455
2177 0.03275851794739766
2178 0.02531596442374407
2179 0.027409075751928618
2180 0.029145121186532296
2181 0.09082283341589416
2182 0.16531761126072
2183 0.16845139434284492
2184 0.17173784628872954
2185 0.08771260556439256
2186 0.028449932807142156
2187 0.031725361143036174
2188 0.03880268837573433
2189 0.09446163888662167
2190 0.11722180288817491
2191 0.1129530025314086
2192 0.11002475341556565
2193 0.03740938186852082
2194 0.06133082119755752
2195 0.07084130817248166
2196 0.08135786283831394
2197 0.13745488806849604
2198 0.18464317104308778
2199 0.18646079620985975
2200 0.18695057751191993
2201 0.14183978793993873
2202 0.11942535159067873
2203 0.11951163650404253
2204 0.11360331179910634
2205 0.09570317973313262
2206 0.07458458786068793
2207 0.07534202939617765
2208 0.07109137943227674
2209 0.07527390076860582
2210 0.04698857259580768
2211 0.04273165496429986
2212 0.04084254626056231
2213 0.033559557226520584
2214 0.08373111206872427
2215 0.10517176849579772
2216 0.12138259604701712
2217 0.04606717689904064
2218 0.04431528233921689
2219 0.04205766006357677
2220 0.03927553724825816
2221 0.03855055016838477
2222 0.07313076873257641
2223 0.09634809741072933
2224 0.11724278871497577
2225 0.027070591149938955
2226 0.06244321669389385
2227 0.08454830720849131
2228 0.09748121497253899
2229 0.14101597684141123
2230 0.07433356851008695
2231 0.06189123427907364
2232 0.054372951667829184
2233 0.043963602985243405
2234 0.08354961076430695
2235 0.08504617000846093
2236 0.09638575362485177
2237 0.042487417803274086
2238 0.04839173372745776
2239 0.05905394493759114
2240 0.07022303076065926
2241 0.043553947700909784
2242 0.03396902212968793
2243 0.032289103328879284
2244 0.02974424744057507
2245 0.057521006846695345
2246 0.04866385280832885
2247 0.04586286458675972
2248 0.04058902227323553
2249 0.03291770551602191
2250 0.05052087401511376
2251 0.0547950663646579
2252 0.07553616464083052
2253 0.03589602168532081
2254 0.05007679916385193
2255 0.057526112761915646
2256 0.07324674942585786
2257 0.02725023525585873
2258 0.04283596117138839
2259 0.0493771100067773
2260 0.05476222679080847
2261 0.02977497498550783
2262 0.09202865505614558
2263 0.10833580468151302
2264 0.12231453735621862
2265 0.07525789530120472
2266 0.03455814798170289
2267 0.02962348160611014
2268 0.040834203240368315
2269 0.03626859922528409
2270 0.03201058616092591
2271 0.03724216089842273
2272 0.06212003651691482
2273 0.031257356709119
2274 0.08055090645251944
2275 0.0954400618680649
2276 0.10436326341702758
2277 0.06997481099645189
2278 0.0945534061343922
2279 0.09610326686314674
2280 0.10010387698902393
2281 0.13449424907650215
2282 0.18273169057329516
2283 0.20170609703043604
2284 0.21521840889518837
2285 0.26335572019750886
2286 0.21774258126624974
2287 0.20582611762464245
2288 0.18479232007298743
2289 0.15321781561319714
2290 0.10722643682909888
2291 0.09063971538670484
2292 0.06403703039617505
2293 0.17168114440062912
2294 0.1636061215153489
2295 0.1612501983735952
2296 0.1435381405561536
2297 0.19454128511719332
2298 0.20733816009690312
2299 0.19588593850815683
2300 0.1815705252965667
2301 0.21394765803515578
2302 0.18196174238629165
2303 0.16500785794911443
2304 0.14569393065640182
2305 0.03635284202732185
2306 0.040203341278206337
2307 0.03582026725535417
2308 0.03310577107694966
2309 0.07053186817368393
2310 0.050839607958816174
2311 0.052254225426826395
2312 0.05965422276540143
2313 0.10774398268212666
2314 0.13186405987157845
2315 0.1538180364625064
2316 0.17188154483283172
2317 0.10992155415605155
2318 0.08480691235616356
2319 0.0808610900684465
2320 0.0746489452568766
2321 0.1702192809401772
2322 0.15282387946198084
2323 0.1394293659352544
2324 0.12135994196291522
2325 0.1384346912928439
2326 0.11916775717686102
2327 0.10620112245160668
2328 0.09213991268089379
2329 0.14882710016525036
2330 0.14444617204841742
2331 0.13668835038292926
2332 0.13194458968850944
2333 0.0498139713970003
2334 0.03529873443123523
2335 0.040952622920593845
2336 0.06378095634625634
2337 0.16931111414588296
2338 0.20556117219284462
2339 0.2057384532186392
2340 0.20848906508780518
2341 0.1438830304992961
2342 0.08063127099595235
2343 0.06414810802271256
2344 0.05795763901483296
2345 0.09316058037041239
2346 0.15368618109897342
2347 0.15529348170661678
2348 0.1671721852994781
2349 0.041233713394832706
2350 0.04699526240291237
2351 0.0569374354870653
2352 0.058966032814233994
2353 0.046436247975757496
2354 0.0654911199312337
2355 0.09213418322709675
2356 0.12873283821703005
2357 0.22534439738262874
2358 0.2362027080539969
2359 0.23066971200654096
2360 0.2194647322147706
2361 0.21267848430587039
2362 0.25926032089041323
2363 0.25457278448783494
2364 0.25177263044923015
2365 0.07095540448153544
2366 0.13300787520588278
2367 0.15317493019095577
2368 0.16886928361680245
2369 0.20479980024162855
2370 0.12781891492566524
2371 0.08399590599010393
2372 0.049669797998208184
2373 0.17477945870664102
2374 0.2184796037236949
2375 0.22735640334050547
2376 0.22261820519951078
2377 0.32451215590951027
2378 0.3462034358319188
2379 0.33526316028959496
2380 0.3189664819010493
2381 0.20734336984487214
2382 0.05997282902474348
2383 0.05406190304105115
2384 0.0970354507291784
2385 0.2441288254062445
2386 0.20295048998661802
2387 0.17676322026523264
2388 0.1456524934668855
2389 0.04003741179701877
2390 0.07027471606638637
2391 0.07256998104547771
2392 0.06965716538916213
2393 0.17429881995949137
2394 0.1986176390386397
2395 0.19196116757386125
2396 0.1812028735773068
2397 0.19514446024518314
2398 0.1414380954544315
2399 0.10091338054185346
2400 0.06532645602457288
2401 0.10410140138630138
2402 0.19659581418189984
2403 0.1987054810145406
2404 0.20340405968952757
2405 0.09743236363392949
2406 0.12611602298982283
2407 0.14193416835534345
2408 0.15516595958241278
2409 0.03989474921604157
2410 0.0315564665795029
2411 0.032302518990060175
2412 0.03516761192180806
2413 0.06570560360597077
2414 0.05066365311973544
2415 0.05354079746637988
2416 0.07883545310960245
2417 0.19766692748623532
2418 0.1740282321285823
2419 0.15425268882449003
2420 0.13096156389719635
2421 0.07170865705077645
2422 0.07336868826779025
2423 0.06956914530397278
2424 0.06789313284872787
2425 0.058338161710700054
2426 0.07894440493174919
2427 0.09486752620403911
2428 0.11229546804204417
2429 0.04346241885801262
2430 0.05267300443911151
2431 0.055954425110409295
2432 0.053925990011017236
2433 0.06014924470633294
2434 0.07886451018377894
2435 0.07906876992662712
2436 0.07790118618697639
2437 0.07984250928100682
2438 0.1409200033149267
2439 0.14308911520045797
2440 0.14503124801966685
2441 0.1869776751626409
2442 0.17188383271613716
2443 0.16560861259691187
2444 0.14778424912207463
2445 0.04047705687436272
2446 0.07466446655440959
2447 0.09086138517501843
2448 0.0925521932306174
2449 0.05620926256702725
2450 0.06602863280438094
2451 0.06336612964503034
2452 0.06425654178431268
2453 0.13635179918761248
2454 0.2065552030750338
2455 0.2090697754937047
2456 0.20926425797230108
2457 0.202119121539938
2458 0.19862659240249061
2459 0.19630621090485065
2460 0.19118744879724828
2461 0.06196762631570765
2462 0.05984363080036314
2463 0.05658471319605222
2464 0.06429901683669749
2465 0.052723902743899854
2466 0.1082197246467968
2467 0.1118707904732723
2468 0.1176823829589314
2469 0.05240259911216927
2470 0.06716508136458937
2471 0.08447588257491326
2472 0.10619569371125542
2473 0.04793202198142553
2474 0.051112507996487574
2475 0.059875012953309756
2476 0.0727857987394985
2477 0.11946548734340673
2478 0.03705491869022159
2479 0.04310485516727078
2480 0.054297083135242834
2481 0.05666868664476727
2482 0.13874131982860122
2483 0.15293535304470549
2484 0.1702340202271578
2485 0.13709584357760082
2486 0.0665960801527017
2487 0.06597817069547207
2488 0.0640763011983046
2489 0.060097313551018834
2490 0.07308741779179746
2491 0.07285093950232649
2492 0.07306914042524192
2493 0.06959990932232642
2494 0.09010033370764615
2495 0.11130093695771123
2496 0.12381766839247454
2497 0.16212965830053774
2498 0.15632770337295349
2499 0.1424347503138931
2500 0.12452171096344088
2501 0.0466382799321069
2502 0.04970204212382806
2503 0.07089538371239552
2504 0.09200796799936427
2505 0.03892014969322798
2506 0.04368534092265878
2507 0.04137479502121078
2508 0.03945479193225986
2509 0.035191256049317596
2510 0.036694509976747385
2511 0.03784878663725165
2512 0.04992362481437075
2513 0.03661289264283766
2514 0.040023559635943166
2515 0.03549179194006129
2516 0.033908791103111555
2517 0.07762426765156927
2518 0.09765007873274029
2519 0.08325454072666993
2520 0.07137832080400981
2521 0.11022298026562068
2522 0.16280158362979924
2523 0.171027535173261
2524 0.18151749026353828
2525 0.16448517802041548
2526 0.13133684683665503
2527 0.10738397152967744
2528 0.07410188619074504
2529 0.10160254234966555
2530 0.11925618643609259
2531 0.12651622884066255
2532 0.12314172746418867
2533 0.2349175197528781
2534 0.27118142746998164
2535 0.2673405220323027
2536 0.2579594839218333
2537 0.21410987184027205
2538 0.1446056353470279
2539 0.10891802505849607
2540 0.0792199870537579
2541 0.04027477241161285
2542 0.044148378205596576
2543 0.046837879750525196
2544 0.057354002227413256
2545 0.06268760671479767
2546 0.03437271865745306
2547 0.04189591178742833
2548 0.05757286735705555
2549 0.05101453832650231
2550 0.08094294978517251
2551 0.09084239276991637
2552 0.1060566709091361
2553 0.05482635503637044
2554 0.12418851166852571
2555 0.14036677656453866
2556 0.1495102832653126
2557 0.11712591961503627
2558 0.1098997048707055
2559 0.09994941909093624
2560 0.0953661658855925
2561 0.0499712681126099
2562 0.10566265598454702
2563 0.12111367876381271
2564 0.14514695117020823
2565 0.12021290421092212
2566 0.09725974674408967
2567 0.09540715355336792
2568 0.08590000067188246
2569 0.2376902597270551
2570 0.20961856375639104
2571 0.18562895545017188
2572 0.1452297423655344
2573 0.05120785194343385
2574 0.040448969362933754
2575 0.06335394003202853
2576 0.08202279915580336
2577 0.039186827994717524
2578 0.07214136264146785
2579 0.09471039618184218
2580 0.11851546796902743
2581 0.04408204030206517
2582 0.0712805311664661
2583 0.08766190943624505
2584 0.09790554583509492
2585 0.06039928181204656
2586 0.13381451324731294
2587 0.14863041078372957
2588 0.16773581262637108
2589 0.05878697033065842
2590 0.06562686891859634
2591 0.0717590138569248
2592 0.07487159347348323
2593 0.05194158004259216
2594 0.11977860578054127
2595 0.14863268538071633
2596 0.1720853811246346
2597 0.07664403914454032
2598 0.034788669361438
2599 0.03152766184942171
2600 0.03304066409616301
2601 0.07177223356606387
2602 0.11159815247809049
2603 0.12349785471647125
2604 0.13429496307872738
2605 0.1402674179684427
2606 0.13721134746802804
2607 0.14113851772809907
2608 0.14026829073062935
2609 0.042805986722800886
2610 0.09329237968694593
2611 0.13357335069438597
2612 0.16501725440021203
2613 0.1751023495904279
2614 0.15404697788208568
2615 0.15286935662134932
2616 0.15043671328684763
2617 0.10798234802313224
2618 0.10269497583169553
2619 0.09868079186102795
2620 0.09175248641026579
2621 0.09669891337814553
2622 0.0847896157394111
2623 0.07823691350088356
2624 0.07571040463519205
2625 0.08866091800265437
2626 0.13293731580915685
2627 0.1384978971459511
2628 0.1383201079175615
2629 0.09123351356787245
2630 0.09684149657588792
2631 0.08817699375978637
2632 0.08227517685075696
2633 0.1287583416485299
2634 0.12874850210930716
2635 0.12867871682489632
2636 0.12540579128779059
2637 0.06676073298358433
2638 0.06022703008157082
2639 0.057710979101336275
2640 0.0546470875081662
2641 0.05561311440164919
2642 0.08591932991896654
2643 0.09582718200141079
2644 0.108358884226324
2645 0.1964327366982807
2646 0.20705897604532356
2647 0.21411813869542637
2648 0.21815934825563507
2649 0.1414719620144663
2650 0.088530702373208
2651 0.0692453377765014
2652 0.0560213842689381
2653 0.040152643311153494
2654 0.03653617608464862
2655 0.03662310145946225
2656 0.03738729440350673
2657 0.15276601479769764
2658 0.17585800415530106
2659 0.1789934255908645
2660 0.1814495647156191
2661 0.2620559690298302
2662 0.2619874218874645
2663 0.2609198870328641
2664 0.2544092657121692
2665 0.2514189229621479
2666 0.2282045953220916
2667 0.2129057732945823
2668 0.1966514167351031
2669 0.050315573100062225
2670 0.04616030080286651
2671 0.04599491679976406
2672 0.05934730912664916
2673 0.07037848376534016
2674 0.09998144823232263
2675 0.10535604771640872
2676 0.11005775767173051
2677 0.032355821803896546
2678 0.02960671330162007
2679 0.03095940178433635
2680 0.03084660556970109
2681 0.05142758130281975
2682 0.04672862607944553
2683 0.04679563174722365
2684 0.04566943827519223
2685 0.056397325919477076
2686 0.032384185829480806
2687 0.034828053941626136
2688 0.03807322588747443
2689 0.06456085487313147
2690 0.13201282308281995
2691 0.15061980733665578
2692 0.1669221992236539
2693 0.13538620896113282
2694 0.09104399768410225
2695 0.07711500599230077
2696 0.07409934835201293
2697 0.09058583222295481
2698 0.13329145964181402
2699 0.13616022610255907
2700 0.13550600865481557
2701 0.10796565064822923
2702 0.06044168794660638
2703 0.04976486779430708
2704 0.04463137344222865
2705 0.04149026035393332
2706 0.04069513172929871
2707 0.038576579356231065
2708 0.036987834417231885
2709 0.05117144111846517
2710 0.12384828967480592
2711 0.13679873240556742
2712 0.14767003745291718
2713 0.07911879159756512
2714 0.036883198272973816
2715 0.04072059681302956
2716 0.04277273046552635
2717 0.10184807517966098
2718 0.13063626922957305
2719 0.12521416988833134
2720 0.1196794623365201
2721 0.03571836591812649
2722 0.035946932815868866
2723 0.04442054005007364
2724 0.05553552796121364
2725 0.16571794655596925
2726 0.2257993626826278
2727 0.22937477259700723
2728 0.23086282232338112
2729 0.20209121384886392
2730 0.16166262479194446
2731 0.15177205304740135
2732 0.1382436338585476
2733 0.13663296952662987
2734 0.13713204071164287
2735 0.14461007916782412
2736 0.14599947727667117
2737 0.14267205074483982
2738 0.05255655528126755
2739 0.04891268164749481
2740 0.05083780597243299
2741 0.0447419523246006
2742 0.18480827679335207
2743 0.210599495411417
2744 0.2312721692034349
2745 0.1353848054037405
2746 0.07055391626845282
2747 0.06114146164655114
2748 0.05206930610868064
2749 0.037639887810980543
2750 0.07083307590711489
2751 0.10597027959294383
2752 0.1325372504760234
2753 0.0667916821713821
2754 0.051429193362213015
2755 0.0801689905889464
2756 0.10160433305748501
2757 0.10097442772024533
2758 0.040915451750598734
2759 0.03891553159389343
2760 0.06303472683504126
2761 0.06200350116621906
2762 0.06265361976012931
2763 0.05303277351668141
2764 0.05256726247792756
2765 0.046919447058670655
2766 0.0889040677317953
2767 0.11690090254111866
2768 0.1409451093207715
2769 0.12716790228014588
2770 0.07991095471571183
2771 0.06292501600575763
2772 0.050028986149292826
2773 0.03903362300605637
2774 0.041876036473972124
2775 0.049489351813654985
2776 0.056823260742034684
2777 0.05351831371738303
2778 0.05292249126348478
2779 0.05074786539740459
2780 0.05868214463500116
2781 0.033300562227268
2782 0.05656334813461325
2783 0.06930853176913217
2784 0.0822231123825601
2785 0.03784243294271938
2786 0.029575812246832128
2787 0.03436657565300572
2788 0.039546858345905614
2789 0.07129316313835703
2790 0.12831174255220879
2791 0.14249994365494614
2792 0.14791750255167824
2793 0.10299448182185059
2794 0.048149094572613654
2795 0.041690419442014834
2796 0.03185724615779272
2797 0.03306740730307461
2798 0.05914326602630372
2799 0.07601828365660718
2800 0.10062848927183088
2801 0.046400574021788626
2802 0.03947898869928532
2803 0.040822840420235505
2804 0.0523302241144549
2805 0.035735194262627716
2806 0.06723021719272423
2807 0.077916161000699
2808 0.09097751010135585
2809 0.1383559821602825
2810 0.16652468719680596
2811 0.1817096419630902
2812 0.18734514941572916
2813 0.2572515781390777
2814 0.21267126614940168
2815 0.20176335068643272
2816 0.180180657278539
2817 0.19933590744997323
2818 0.1505400475060522
2819 0.12751053465874912
2820 0.08138027962068788
2821 0.2734257428856487
2822 0.2776620337108266
2823 0.26968681876796063
2824 0.24497940355050926
2825 0.30403831619860844
2826 0.3097453490469567
2827 0.30039655455624514
2828 0.2842262540290708
2829 0.29350581977044476
2830 0.25877325484024954
2831 0.24171206698311692
2832 0.21842912713580018
2833 0.11618058760236931
2834 0.10696212610630206
2835 0.10143485107353994
2836 0.07975176613777851
2837 0.15517900273405177
2838 0.045345984350673066
2839 0.035530232995241724
2840 0.047409103028661664
2841 0.061693729294624806
2842 0.08532588106862815
2843 0.1099367369669405
2844 0.13453693136163522
2845 0.07270610591162821
2846 0.05163832422048005
2847 0.052745661874057666
2848 0.0557949553041008
2849 0.13122541339380434
2850 0.11549684431359611
2851 0.10757503644727397
2852 0.09793809117354883
2853 0.12010970505943531
2854 0.09958149213253437
2855 0.09028839408312728
2856 0.08051580005841755
2857 0.10748571084347487
2858 0.11467916717337501
2859 0.11451380884451648
2860 0.11804880428799573
2861 0.061834682274410926
2862 0.0771955505790943
2863 0.09665506323538978
2864 0.12617727383985952
2865 0.2309002825854843
2866 0.26039006330971737
2867 0.2590167929704961
2868 0.26166971246296505
2869 0.17865895187844166
2870 0.12295427949253956
2871 0.09338397693661951
2872 0.07535188880953814
2873 0.13654937385809035
2874 0.17750789282520438
2875 0.1751825463473798
2876 0.18455373987008722
2877 0.061831317157205815
2878 0.03874677395932544
2879 0.035854979103700176
2880 0.034013691058103
2881 0.03297795882645745
2882 0.1438561088145188
2883 0.16816010172157733
2884 0.20264254481017463
2885 0.2818410031634803
2886 0.3023021053688736
2887 0.29483117443286455
2888 0.28764942367479235
2889 0.21641188332568173
2890 0.2508458937231771
2891 0.24519660518366732
2892 0.24730230802136102
2893 0.05556261803070798
2894 0.10963840537633555
2895 0.12083354398652885
2896 0.1241539329193024
2897 0.13276593341869777
2898 0.05285245936765503
2899 0.03562727825839164
2900 0.03831405810648348
2901 0.23466638412178986
2902 0.2755384415256585
2903 0.2826893386451538
2904 0.27670680744960835
2905 0.34206763492816417
2906 0.35910826487810044
2907 0.3520451173204461
2908 0.3382696159121534
2909 0.21032134104474115
2910 0.06057079699215966
2911 0.03842507749622343
2912 0.039953110508891485
2913 0.13540406583427625
2914 0.08523989720043187
2915 0.06323404569830261
2916 0.058284505536157744
2917 0.10868607316429743
2918 0.15715117777506665
2919 0.159393423738189
2920 0.15638576758828937
2921 0.2212456029251348
2922 0.2425503876920112
2923 0.23386571960628247
2924 0.22097141673276066
2925 0.22706085537465356
2926 0.1636814957845862
2927 0.1273651480166108
2928 0.0906932598798555
2929 0.03406898738793072
2930 0.0985552755529922
2931 0.11542311278679623
2932 0.14079484935947648
2933 0.036914681573193386
2934 0.08060413064371116
2935 0.10830792069183845
2936 0.13479561225058678
2937 0.046005497552162156
2938 0.041783200405332045
2939 0.039611156281115646
2940 0.03862330787517594
2941 0.0355339219341647
2942 0.09904305689656624
2943 0.1253049931223495
2944 0.14674855186557026
2945 0.201311070440457
2946 0.16905521132226978
2947 0.1479816589542298
2948 0.12374212901048066
2949 0.03344048669432597
2950 0.05190442204447015
2951 0.05650439842407968
2952 0.06058811378527036
2953 0.057994448081099194
2954 0.09161987726101871
2955 0.11370549680123582
2956 0.13905418937918318
2957 0.03937585424315548
2958 0.04248273636496041
2959 0.043040922988259164
2960 0.04247692308646665
2961 0.06614808484690331
2962 0.07117536920881111
2963 0.06881675828038676
2964 0.06487237924281936
2965 0.0923905783027431
2966 0.1419317008748011
2967 0.14723902166556932
2968 0.14892504450351746
2969 0.17721682790285465
2970 0.1479078608223784
2971 0.1334707704655398
2972 0.11039110772777956
2973 0.03426127462999324
2974 0.03782986714001268
2975 0.05352894156435359
2976 0.051944531031921926
2977 0.030608699541549787
2978 0.0731096681452725
2979 0.08200106672649284
2980 0.09039999788732148
2981 0.1852364380787818
2982 0.24802316901744365
2983 0.2484936209793778
2984 0.24855853280487164
2985 0.2555544604607773
2986 0.2756923649683719
2987 0.27269220320539106
2988 0.26640449536409616
2989 0.14372904324443883
2990 0.11872397295297575
2991 0.10798891814278372
2992 0.10694440349082873
2993 0.025578878232618275
2994 0.03901337149080081
2995 0.045782872996766776
2996 0.05490320680808792
2997 0.06373034290494337
2998 0.07603529601324
2999 0.09350360440649644
3000 0.1172652931550036
3001 0.05665067582701221
3002 0.06133353771286763
3003 0.06889722502362765
3004 0.07722497821139139
3005 0.16053610948792957
3006 0.06816869519113403
3007 0.054674478426495414
3008 0.04969815498063213
3009 0.09435999642525555
3010 0.12663683428119632
3011 0.12797876009667197
3012 0.13271543071765315
3013 0.12533440859461908
3014 0.048422082835093666
3015 0.04744117234546495
3016 0.0448544943256675
3017 0.05659811797990295
3018 0.07021068989672247
3019 0.07585638737015406
3020 0.08281907971175985
3021 0.07769729480956578
3022 0.10888203836012295
3023 0.12519303162408169
3024 0.13411387103848615
3025 0.17632471227955207
3026 0.17710842822983858
3027 0.1648068660660276
3028 0.14842939007082578
3029 0.0668058204248318
3030 0.03568412936792423
3031 0.0504534771887271
3032 0.07692756478193692
3033 0.040728010300009214
3034 0.03680871948182598
3035 0.03590442928182599
3036 0.03449986927695188
3037 0.03201054204230089
3038 0.07037373750232365
3039 0.08197121001633322
3040 0.09815095185929229
3041 0.04670412358211409
3042 0.04396759402218608
3043 0.04013911675234092
3044 0.03507534874497542
3045 0.05495977894223924
3046 0.04748305361428524
3047 0.042594518961346334
3048 0.03762237890930876
3049 0.07800608480968402
3050 0.1504375992963792
3051 0.16338170247692713
3052 0.17833766532120784
3053 0.19942876375177018
3054 0.15357892439869814
3055 0.1287486305652662
3056 0.09368677634719293
3057 0.14984204531243248
3058 0.1817605838199832
3059 0.19519141262851064
3060 0.19643318421224665
3061 0.29340281730354056
3062 0.3119575388794455
3063 0.306165337255097
3064 0.2945468167772222
3065 0.2607465950106154
3066 0.19329230812565135
3067 0.15521684725869572
3068 0.11854735895245745
3069 0.05442073753258614
3070 0.13767204269800914
3071 0.15577979920917664
3072 0.1702198633797006
3073 0.177852446186337
3074 0.09127871545548755
3075 0.05905542315401917
3076 0.04507587418995468
3077 0.05159041318656374
3078 0.13581427418614933
3079 0.13781294880635148
3080 0.14799224617202575
3081 0.04910714289832223
3082 0.06191412569543534
3083 0.0771575169450264
3084 0.09645782967178965
3085 0.07898714303433187
3086 0.09725386808926823
3087 0.10062933629871262
3088 0.10939049848967931
3089 0.06135080511592628
3090 0.09006906657808647
3091 0.10468426919928664
3092 0.12602554919139342
3093 0.16809015162590027
3094 0.15168358688827882
3095 0.15346545541288745
3096 0.14726681065074063
3097 0.2646844828924043
3098 0.2374114532975863
3099 0.2128351186319094
3100 0.16946489534988315
3101 0.07648705189422338
3102 0.06651820110656945
3103 0.06464513827399736
3104 0.06301570443698817
3105 0.053090061317982815
3106 0.09912347727657088
3107 0.12059531076834024
3108 0.14052418983864193
3109 0.05733855790033067
3110 0.061468002402064036
3111 0.08300382554888219
3112 0.09682864560658701
3113 0.05665226339710492
3114 0.0830644856076111
3115 0.09723688277562399
3116 0.11252442485515957
3117 0.05022736647426014
3118 0.06086315366024192
3119 0.0637354786036672
3120 0.06570804270527396
3121 0.08239333302810281
3122 0.13592199510871092
3123 0.15496980869594332
3124 0.17002142130348383
3125 0.09538525860424328
3126 0.03311575647221035
3127 0.03428392315299757
3128 0.04671977196925162
3129 0.1089631191875292
3130 0.16323416551507222
3131 0.18041168955729706
3132 0.19295891848328775
3133 0.2026457223545595
3134 0.18584825318066892
3135 0.18355914541831125
3136 0.17630346688531606
3137 0.051996161839650744
3138 0.08902379843704851
3139 0.13034397214535934
3140 0.16302082120208844
3141 0.18721233257528616
3142 0.15687076738907516
3143 0.15051419710889494
3144 0.14274323328842634
3145 0.12284343844174801
3146 0.12547460262367727
3147 0.1200904547942654
3148 0.11359971441170814
3149 0.12738937520053675
3150 0.1361822740408965
3151 0.13432183982908805
3152 0.1360095128286825
3153 0.144289990619994
3154 0.18259137108127899
3155 0.18634291036429626
3156 0.18364052893158597
3157 0.15040912073255772
3158 0.15652195350089854
3159 0.1429017959192398
3160 0.13284920352108334
3161 0.17567291886351186
3162 0.17831123301982998
3163 0.17839652774562634
3164 0.17709467908335227
3165 0.09093188510294886
3166 0.08446277725334492
3167 0.08221191190842331
3168 0.08081188013744524
3169 0.049678967090768966
3170 0.06719727209059537
3171 0.06975054704309264
3172 0.07380879712524412
3173 0.16219182649695368
3174 0.17545624742846
3175 0.18322034212823243
3176 0.18977681751242018
3177 0.1151853905518483
3178 0.07035031468355928
3179 0.06647031539568583
3180 0.06170649187668621
3181 0.052591210129720525
3182 0.05527620051815982
3183 0.06318930335138088
3184 0.07544241955816107
3185 0.20536188502123331
3186 0.22304411800949706
3187 0.22847521225269765
3188 0.2320413162102848
3189 0.2908064248552625
3190 0.29283415585357625
3191 0.29436548697008363
3192 0.29114490407069815
3193 0.2736335733655696
3194 0.257591817261465
3195 0.24722288354596586
3196 0.236539019566917
3197 0.1244376847884281
3198 0.05890522927046487
3199 0.0575125152385084
3200 0.05546923713928001
3201 0.06518220507219963
3202 0.05872814221988544
3203 0.0572053876420159
3204 0.0561890469136097
3205 0.06588731548091487
3206 0.05821906705534205
3207 0.055141541143913425
3208 0.048714758438421844
3209 0.05535159134415446
3210 0.04596954181246856
3211 0.04399574535341579
3212 0.04619240038223729
3213 0.035000916246662225
3214 0.04053548067015231
3215 0.04056901521805577
3216 0.04371745589015182
3217 0.04228992614350731
3218 0.06908273531184994
3219 0.09395658007224066
3220 0.11865958497591315
3221 0.08254188278935352
3222 0.050790842390557665
3223 0.05114303806137893
3224 0.051036001415468234
3225 0.09809353423609919
3226 0.11704227422155822
3227 0.11345518737071753
3228 0.10691683419092303
3229 0.07707703055012739
3230 0.037516504675289976
3231 0.03742661845128811
3232 0.04378030517128085
3233 0.03436208646036695
3234 0.033394810025212975
3235 0.032147785283255306
3236 0.03226060642744062
3237 0.04034109495703807
3238 0.10200552267677514
3239 0.11798469168676307
3240 0.1346750173940495
3241 0.07504760825371075
3242 0.05373221965078128
3243 0.05219700239879987
3244 0.05030586395674575
3245 0.10475676272382303
3246 0.13446729502494467
3247 0.12855379638497216
3248 0.1218586062104553
3249 0.043462278187549615
3250 0.09350993874682932
3251 0.11098195049147919
3252 0.12718147131958754
3253 0.22324359426128185
3254 0.23235189437559323
3255 0.22660481377246774
3256 0.2190506559600754
3257 0.20863258022861403
3258 0.19044100630333283
3259 0.18767402117051574
3260 0.18160973058338475
3261 0.1937656391912142
3262 0.17967142331161334
3263 0.18059634357232926
3264 0.17572044331507525
3265 0.19666442656245528
3266 0.12066667882554787
3267 0.0841263472204498
3268 0.04698594549302311
3269 0.09959503162736166
3270 0.2122419266147731
3271 0.23270620027583033
3272 0.24650396566077945
3273 0.15726637318296194
3274 0.0822105099759819
3275 0.07476574346644024
3276 0.06584563025929802
3277 0.0574824257114266
3278 0.10267564022578442
3279 0.12741553293070218
3280 0.14596279054080677
3281 0.07769879567858319
3282 0.05870694302214867
3283 0.05824075734597865
3284 0.06780897695419597
3285 0.053043745793694384
3286 0.06120409461599062
3287 0.08239970265036585
3288 0.10099925890684862
3289 0.1355865576776656
3290 0.14419473405381447
3291 0.13205418851484133
3292 0.12420088134603419
3293 0.07508632134285005
3294 0.13257941600753578
3295 0.14705010845670866
3296 0.15884723323276564
3297 0.18068954113430616
3298 0.14286753363471985
3299 0.1247262715046381
3300 0.10771978497505195
3301 0.04252325375794214
3302 0.06038424193878707
3303 0.061506180387600105
3304 0.07425582177555122
3305 0.04258296878214632
3306 0.043993733684751554
3307 0.04381603221223659
3308 0.05368335232930224
3309 0.04631302001724281
3310 0.07958693918973
3311 0.09154354572930606
3312 0.10262336079999196
3313 0.04641165307074525
3314 0.0350529776994665
3315 0.039455834897081085
3316 0.04429753467607564
3317 0.10769818932420169
3318 0.16160270517341402
3319 0.17137064687527756
3320 0.17288634787110413
3321 0.13958693428393634
3322 0.08387081642689379
3323 0.07684459191253741
3324 0.06452601035915538
3325 0.05978952747005742
3326 0.10790224773716776
3327 0.1292636342519002
3328 0.15611296715612608
3329 0.07297779504299774
3330 0.050892795853755966
3331 0.04835815225093912
3332 0.05111979256700772
3333 0.05895153493245737
3334 0.04117125259948444
3335 0.040554192685996575
3336 0.04462424550182285
3337 0.10621774872997199
3338 0.1533731202283209
3339 0.17759221205228265
3340 0.1901334963601053
3341 0.29341886125451294
3342 0.23352529178483064
3343 0.21597487708667915
3344 0.18343636744980424
3345 0.2316618602003399
3346 0.17373013978808852
3347 0.14174192178528175
3348 0.08456328777505308
3349 0.309941251186116
3350 0.3112471255393795
3351 0.2991303612069307
3352 0.27214664515076137
3353 0.3664441745435274
3354 0.3856184998030962
3355 0.3829865845179412
3356 0.37356849466858605
3357 0.3761241760362555
3358 0.32803137567490415
3359 0.3044111726581649
3360 0.27283702840660545
3361 0.15869302111273031
3362 0.15163374746092112
3363 0.14527986642500335
3364 0.11607390081269431
3365 0.2235747316432372
3366 0.09489298090469306
3367 0.07117504608435223
3368 0.0550186094781637
3369 0.07370912604226855
3370 0.08189050879879106
3371 0.11442711820675273
3372 0.14730957953774693
3373 0.06900914491613577
3374 0.05713134705957653
3375 0.05029559329462604
3376 0.04218897084186538
3377 0.09126220535148251
3378 0.0773948804231865
3379 0.0738482439166429
3380 0.07240041254464438
3381 0.08453979297042455
3382 0.07214069864661223
3383 0.06850615120735529
3384 0.06752937823964589
3385 0.07725343712487508
3386 0.08445929724141764
3387 0.08748289428750787
3388 0.09486952417667692
3389 0.06303784269366275
3390 0.06372847995740911
3391 0.08508927219800143
3392 0.1277248670420089
3393 0.23987323180392756
3394 0.27493461766368793
3395 0.27884232407572546
3396 0.28685609680199914
3397 0.1666848991798738
3398 0.11928494834631471
3399 0.09370046586801366
3400 0.08398558097784876
3401 0.1464563884681247
3402 0.19802028871552574
3403 0.20146593271940963
3404 0.21692213399480523
3405 0.10172050806406166
3406 0.06751755352561235
3407 0.04770926967638785
3408 0.04332633073545972
3409 0.09743802924647137
3410 0.21010417484625948
3411 0.2284178092537231
3412 0.25979452797575214
3413 0.3247165834974198
3414 0.34382796021713863
3415 0.3363879615179699
3416 0.32991854161992407
3417 0.2710939125755935
3418 0.3105622519308907
3419 0.3070406410006
3420 0.30962981861630884
3421 0.07840994434656527
3422 0.0931983929494452
3423 0.10873915100135577
3424 0.1108937778817523
3425 0.10550564232266417
3426 0.05505450376167687
3427 0.06472493691856289
3428 0.0957999103139099
3429 0.2825663416273341
3430 0.312838050623023
3431 0.3176966605912013
3432 0.3128615843565201
3433 0.37134157946915536
3434 0.4064621747706805
3435 0.4055810281514667
3436 0.39957317757588534
3437 0.24017980449202322
3438 0.08148325567589375
3439 0.048912901240650036
3440 0.050786906800326326
3441 0.11904551395236262
3442 0.04270398266156617
3443 0.03131588950224982
3444 0.04261246618304779
3445 0.18403229928232764
3446 0.23815421891834768
3447 0.23942236318278134
3448 0.23616987079015214
3449 0.22959462364109878
3450 0.2712985781687347
3451 0.26753382016621086
3452 0.2623786687093606
3453 0.2456282318686039
3454 0.1822626885609434
3455 0.1457121492278673
3456 0.11002822085833482
3457 0.06007491782284511
3458 0.06497930507998176
3459 0.08318939996642816
3460 0.114978537681156
3461 0.0631973353956497
3462 0.0648422581396585
3463 0.07021635106794458
3464 0.10922777949189845
3465 0.04561677250248698
3466 0.04353620148246413
3467 0.04156036572064123
3468 0.039907960888368586
3469 0.053870866381140456
3470 0.14299638435376621
3471 0.17921849846182525
3472 0.21041605587580844
3473 0.24914361888805653
3474 0.21605583066086909
3475 0.19102103758015676
3476 0.16038204068525622
3477 0.08644653838231721
3478 0.08207568709076998
3479 0.07855878212593917
3480 0.06598956422782193
3481 0.05564717467517623
3482 0.07975693158204225
3483 0.11548543587036947
3484 0.15548657598580348
3485 0.040985179623396185
3486 0.05740144062063401
3487 0.05803133741784244
3488 0.059367196555823495
3489 0.07254467933870277
3490 0.07856416903743131
3491 0.07867160737996445
3492 0.07398867407976135
3493 0.05522478785525628
3494 0.1322399121407356
3495 0.14771624376696801
3496 0.1594004638386196
3497 0.18973775331204373
3498 0.1608449418713638
3499 0.14580548288233677
3500 0.11933960387957229
3501 0.04283576605702273
3502 0.03979051012107588
3503 0.05248139518251232
3504 0.046565802345252136
3505 0.06067307656960105
3506 0.13034077016900172
3507 0.14105202182460339
3508 0.1527419694585484
3509 0.23570444260932602
3510 0.2989304302645539
3511 0.29523803751053157
3512 0.29424535719347755
3513 0.29494845965005495
3514 0.34324567877090445
3515 0.34242072880883634
3516 0.338192222651586
3517 0.2016622503284297
3518 0.16917993209783563
3519 0.15133708007883706
3520 0.14654349163836555
3521 0.059579117210025755
3522 0.04726071473476138
3523 0.04764555437895942
3524 0.051662917858938465
3525 0.06295911400214746
3526 0.10439564792883524
3527 0.12269795770796874
3528 0.14809998360784207
3529 0.057253515413856045
3530 0.06906129788385264
3531 0.07205435129487331
3532 0.07834963515967279
3533 0.19354999130903322
3534 0.08322209533754897
3535 0.0460521003998797
3536 0.04651693367439414
3537 0.1308958729864562
3538 0.15801938417078173
3539 0.15250751786205446
3540 0.15113925975444636
3541 0.11476863112757049
3542 0.04189802753575254
3543 0.05047978816020682
3544 0.07909060758153845
3545 0.05321037342078334
3546 0.099184637576693
3547 0.1022989900764338
3548 0.10729019787442166
3549 0.0811997763486706
3550 0.128576197565022
3551 0.1516971876090891
3552 0.1663379416516982
3553 0.222445589747106
3554 0.21259653584642924
3555 0.19566081027158894
3556 0.17468673506780624
3557 0.09951101560039695
3558 0.03931302818616793
3559 0.039278197125717014
3560 0.04797225470088062
3561 0.04911922700863144
3562 0.056085013526040464
3563 0.05399088052236073
3564 0.05270579724980122
3565 0.04303481848135876
3566 0.07678686174318824
3567 0.09078915219522198
3568 0.10778824692986426
3569 0.06326799882885067
3570 0.06145437478435989
3571 0.05505465752692822
3572 0.04999079376474444
3573 0.037585905983733583
3574 0.03191720028192025
3575 0.03576554503038081
3576 0.04446567654695756
3577 0.07225141133633146
3578 0.14068294478131044
3579 0.15473721517584854
3580 0.16973508579180266
3581 0.2331570516472302
3582 0.18000991008257022
3583 0.1493423524719572
3584 0.10742561318649035
3585 0.15782753064097518
3586 0.19041817945519726
3587 0.21028633899807822
3588 0.21785627292964338
3589 0.32119114734993487
3590 0.33740921527711026
3591 0.3345557116680679
3592 0.32585800908457413
3593 0.312591507772179
3594 0.24900217184345935
3595 0.21170627083514146
3596 0.1707411587367575
3597 0.08748210310760803
3598 0.18125446670945944
3599 0.19343733846855415
3600 0.20029904465628984
3601 0.20431086649350613
3602 0.13153021296465606
3603 0.10489082969840538
3604 0.07159998861398334
3605 0.10077697245076939
3606 0.19095977773629602
3607 0.19286030565333045
3608 0.20282477668036583
3609 0.09969962416290537
3610 0.045368735119530955
3611 0.053135155848246386
3612 0.0707357998471848
3613 0.05987590767837493
3614 0.09425869184879895
3615 0.10514109783612942
3616 0.12220299945499623
3617 0.033405472654336237
3618 0.056724699302761826
3619 0.07823856945848881
3620 0.11119122034072863
3621 0.14558888232958178
3622 0.11791015154985385
3623 0.12642071793750959
3624 0.12350404430506348
3625 0.28270765353266564
3626 0.28015472829903143
3627 0.26639032445324495
3628 0.22954420949793347
3629 0.08745022179337725
3630 0.07067122757531312
3631 0.0758455638172225
3632 0.09872546649994096
3633 0.058792308957490824
3634 0.1357073317329168
3635 0.16910673635527518
3636 0.19698574299491825
3637 0.06500879660850266
3638 0.07638302010727094
3639 0.09566868828615376
3640 0.11214736585936229
3641 0.061106051100434655
3642 0.072288045743848
3643 0.08586716247739813
3644 0.10556196658066543
3645 0.10853404986110256
3646 0.1368273674223524
3647 0.11385046036150535
3648 0.10435752465493078
3649 0.1805763784072855
3650 0.24292397515490774
3651 0.2550508750440206
3652 0.2617759125330203
3653 0.15182102770206865
3654 0.045822456658265245
3655 0.04473223115453731
3656 0.07198656907275595
3657 0.10356605614948046
3658 0.19245409700891764
3659 0.21733077218126043
3660 0.23815219212766653
3661 0.2651012407315198
3662 0.25143559375732605
3663 0.25169251951292687
3664 0.24240934417244867
3665 0.08676097661237954
3666 0.07805226155571231
3667 0.13397795697532983
3668 0.17694729877391407
3669 0.23457483850759603
3670 0.18620289496311415
3671 0.1698290161646517
3672 0.1541709181620356
3673 0.13599498430546564
3674 0.13208386035512
3675 0.12173766524153153
3676 0.11097693886865297
3677 0.13826334753426162
3678 0.14834246178156302
3679 0.14446005967762235
3680 0.1456970937456533
3681 0.16826810188151278
3682 0.23181397352880304
3683 0.2431999776887541
3684 0.24852351219956342
3685 0.24119554623493009
3686 0.2424613792355005
3687 0.22114938590407107
3688 0.20163590071081985
3689 0.2688384060056134
3690 0.2627860963095833
3691 0.2569635408523275
3692 0.2495226264712229
3693 0.13075217260982655
3694 0.13627107170313146
3695 0.1375176142910982
3696 0.1408668151479723
3697 0.06934562866684124
3698 0.06863097291785757
3699 0.06547714238098043
3700 0.06562328667976483
3701 0.13828986258391515
3702 0.16415735464062148
3703 0.17622036955994905
3704 0.18660863458563032
3705 0.10661300989652438
3706 0.06307667012410136
3707 0.057088059907206286
3708 0.05166779182334977
3709 0.04933929333938515
3710 0.04868434747549245
3711 0.05348111514372475
3712 0.07059655669240841
3713 0.2124855529044265
3714 0.2309805106362494
3715 0.23783126184246392
3716 0.24381558410140083
3717 0.3050657186307421
3718 0.31304802722421415
3719 0.32031183301968374
3720 0.3230507950827135
3721 0.2941583690828994
3722 0.28009466796289234
3723 0.27267013826127556
3724 0.26554118329635046
3725 0.1615351592422879
3726 0.07138000637915227
3727 0.06451496901643312
3728 0.06154098587804736
3729 0.0822323694688369
3730 0.06750401193350984
3731 0.06508318792611008
3732 0.06254321299641508
3733 0.10105818901138862
3734 0.08265804014086094
3735 0.07867599005534995
3736 0.07297800607745523
3737 0.07542210059762343
3738 0.06641617893016397
3739 0.05971593198190071
3740 0.057416938534915654
3741 0.048842340182921766
3742 0.06583325890173329
3743 0.06849043456053543
3744 0.07215242617807535
3745 0.08699215713872754
3746 0.04095138498732205
3747 0.04332452956676074
3748 0.06953576859879564
3749 0.03281412292010765
3750 0.030984328201984972
3751 0.03422160900283861
3752 0.0377401095512181
3753 0.14825893873528465
3754 0.1588257253731079
3755 0.15000872803577273
3756 0.1388958501434257
3757 0.10695388900363627
3758 0.034944610348879114
3759 0.03516613730446105
3760 0.04791415869331862
3761 0.03206435630340315
3762 0.03538284953517557
3763 0.033812143405226536
3764 0.03471290503660868
3765 0.026558780694464486
3766 0.059972058368213135
3767 0.08060780339656005
3768 0.10286059925065262
3769 0.06412023124020011
3770 0.049656064548907704
3771 0.048485477937353555
3772 0.046162086820031534
3773 0.12137212780601637
3774 0.15351006010614204
3775 0.14361136353137335
3776 0.13362107464205217
3777 0.05143472259110673
3778 0.1158033827863356
3779 0.13833742754767306
3780 0.1600083117044576
3781 0.26997648076780945
3782 0.271887255667104
3783 0.2668705621559235
3784 0.2607881823155795
3785 0.23485639605450734
3786 0.20196326438171824
3787 0.19805675478981596
3788 0.19217845672472356
3789 0.21540873994817827
3790 0.20960114101450852
3791 0.21346330085629595
3792 0.21196747940556337
3793 0.2497981727959678
3794 0.17901873081020828
3795 0.14223014700322384
3796 0.09295388352616775
3797 0.14457684945397187
3798 0.24151277072373387
3799 0.25984390310100813
3800 0.27052205392032547
3801 0.1740768156319462
3802 0.0720577094159142
3803 0.06568980285479435
3804 0.0576689868112189
3805 0.0665923761135559
3806 0.11966317327838955
3807 0.14177180618544263
3808 0.15687228413020246
3809 0.11139892091217964
3810 0.07495864499625417
3811 0.06438855296992235
3812 0.05898462359963039
3813 0.05813304312385985
3814 0.11844489348830223
3815 0.13899460127765814
3816 0.152833563053673
3817 0.19078749886847526
3818 0.1750570559309857
3819 0.1577891663579705
3820 0.14268232348211454
3821 0.1315051438768161
3822 0.19752235036005086
3823 0.21101930539102706
3824 0.2201479452065858
3825 0.2654846627475946
3826 0.21954321693757792
3827 0.19218639233710164
3828 0.16549627575339448
3829 0.09290019495205921
3830 0.16305129496159357
3831 0.1652250348086418
3832 0.1770905538317645
3833 0.06774064070733661
3834 0.08448392972509607
3835 0.07996741427743212
3836 0.07814878068989443
3837 0.07279179754592884
3838 0.1016083182725461
3839 0.11315121936733709
3840 0.12317803062107181
3841 0.07774150028102599
3842 0.06728911927109577
3843 0.06225013090921958
3844 0.05875225061607703
3845 0.1380835529999058
3846 0.19326957444158607
3847 0.20045924767608633
3848 0.2029940057749008
3849 0.19084978313280232
3850 0.13967861926848013
3851 0.1271391715267448
3852 0.10765290144747358
3853 0.13635308294149037
3854 0.18505299569455427
3855 0.19840738006652248
3856 0.21121362275925865
3857 0.13519313075931774
3858 0.09149522880071226
3859 0.08427866253620968
3860 0.07745222361544223
3861 0.10707701352812889
3862 0.0746418521242014
3863 0.06889070151149779
3864 0.059410727761658046
3865 0.1031051113894633
3866 0.1468949970659505
3867 0.16985757681788688
3868 0.18150858323753014
3869 0.3244864299319668
3870 0.2663413514541521
3871 0.2474392351732967
3872 0.2100436818814204
3873 0.2847792940995921
3874 0.21706735522785
3875 0.16627389851018867
3876 0.08256306973939834
3877 0.3321266465819103
3878 0.31978371534150474
3879 0.3029522147256509
3880 0.2720218338239286
3881 0.3882208388343937
3882 0.41036197087282167
3883 0.41204319208013046
3884 0.4067650546676541
3885 0.4071113950712947
3886 0.3544337468624727
3887 0.3259570711425723
3888 0.2881803917767027
3889 0.20225915946971063
3890 0.20393432653940866
3891 0.1942886850997367
3892 0.15493682385740906
3893 0.2801155155783464
3894 0.12550375451035575
3895 0.10180920012898317
3896 0.08874664215117746
3897 0.09924774809958033
3898 0.12174401379918524
3899 0.13060219686845506
3900 0.14565791507586673
3901 0.08954298855934589
3902 0.08580753930123707
3903 0.07912724959019338
3904 0.07091201663202357
3905 0.09263272329652569
3906 0.08291657761706439
3907 0.08806339942925187
3908 0.09074770561233303
3909 0.06201324359307303
3910 0.08927218564653075
3911 0.10096863067768455
3912 0.10745423972301488
3913 0.18046088854260178
3914 0.1625981521774917
3915 0.15757121693399373
3916 0.14759972584613504
3917 0.09989223110382377
3918 0.11241629685977769
3919 0.1404713367276278
3920 0.18374846646612308
3921 0.15327718440033355
3922 0.0865684954659357
3923 0.06840635067329279
3924 0.06696732534629608
3925 0.06578456434960796
3926 0.17092430366596936
3927 0.20611274144245664
3928 0.24319331789767137
3929 0.25139203604748006
3930 0.27580528231392387
3931 0.28639046364093207
3932 0.2983169491199475
3933 0.3252901480722021
3934 0.35246015527456653
3935 0.3575996914085974
3936 0.3657840899938121
3937 0.3529565693596834
3938 0.3096767022092316
3939 0.27998866974951836
3940 0.25064450010363765
3941 0.13211534373369974
3942 0.2176798764375036
3943 0.24733780720333579
3944 0.26884337537292974
3945 0.27889736082871475
3946 0.30649096873113085
3947 0.3137889483325923
3948 0.3178505639637601
3949 0.3636327547152392
3950 0.38487656321429625
3951 0.38408404409581925
3952 0.38499229501726123
3953 0.37118275569304615
3954 0.3449443152485317
3955 0.3285818008594865
3956 0.30666448835778737
3957 0.2934667749555277
3958 0.3421653067990523
3959 0.35385281315592537
3960 0.35873700245383006
3961 0.38056003010517514
3962 0.39316588927020396
3963 0.3960050150134218
3964 0.39086538664110604
3965 0.33467726241365653
3966 0.24868213874348755
3967 0.1979976997631896
3968 0.1371151027230932
3969 0.09102672608525833
3970 0.13915662731341452
3971 0.16187916966108906
3972 0.18561522107704265
3973 0.21868236539196778
3974 0.19491540037724853
3975 0.19037571556029215
3976 0.18976427424448872
3977 0.11551918615632782
3978 0.09872695363440011
3979 0.09084583687074262
3980 0.08901225647030796
3981 0.09640958748176129
3982 0.07954343178544404
3983 0.076946383622852
3984 0.08082682683463326
3985 0.09687057262977465
3986 0.10852810394950688
3987 0.11225720621488094
3988 0.11454004362577883
3989 0.10868766932099268
3990 0.11496075071437124
3991 0.1144959469490859
3992 0.11340589875020923
3993 0.11016980100385317
3994 0.16336458705090023
3995 0.1768417938872069
3996 0.19358078737674514
3997 0.1848569016573631
3998 0.17330226454204728
3999 0.16433947025842832
4000 0.16140490593690734
4001 0.05679111254546897
4002 0.05472104739826535
4003 0.05430035091571973
4004 0.053678319140012046
4005 0.09695218130927724
4006 0.06708766101422853
4007 0.06834368798302717
4008 0.079409340787311
4009 0.06403418806505724
4010 0.12955181692615345
4011 0.159301530641123
4012 0.18864583166919222
4013 0.26965276780509156
4014 0.2615769023277376
4015 0.2427523232262146
4016 0.22904978925504815
4017 0.04410630943099635
4018 0.05843607442875222
4019 0.06612287229806373
4020 0.06942779558121799
4021 0.0478466575396449
4022 0.0882012848409927
4023 0.11607826457371678
4024 0.15165414185712503
4025 0.22411612168243894
4026 0.31846778161648476
4027 0.3359800659961989
4028 0.350954116236035
4029 0.33380089322477885
4030 0.3338775971128746
4031 0.3159895896662142
4032 0.3034879609228696
4033 0.16948741037411957
4034 0.16990439824767675
4035 0.17276651778635777
4036 0.17544897982573102
4037 0.20011245018310644
4038 0.2939159522409966
4039 0.3026746486673285
4040 0.3146925893159084
4041 0.2726184970522768
4042 0.3291624897592742
4043 0.3358902895832166
4044 0.3433293146706793
4045 0.38668897361177584
4046 0.3748724872839342
4047 0.35986189560301396
4048 0.33758403262480824
4049 0.30897019997148684
4050 0.30982212396453734
4051 0.30673762611965427
4052 0.2986692452965856
4053 0.3615629358872083
4054 0.3920170734000542
4055 0.3889228602372651
4056 0.3854048207590138
4057 0.4013637738960442
4058 0.3993263582406185
4059 0.3992611248708471
4060 0.38323639606847604
4061 0.42742264253303197
4062 0.39354575700382965
4063 0.3595843709778983
4064 0.3181278191055789
4065 0.30164142749091044
4066 0.26309842948659784
4067 0.2458470708088197
4068 0.21510894153262713
4069 0.1998624787409004
4070 0.1151295086508926
4071 0.09752585274678711
4072 0.08038040346155928
4073 0.11932314115158531
4074 0.18662198312534273
4075 0.20484450602434456
4076 0.22894268962930173
4077 0.17048467012507987
4078 0.2242093051773438
4079 0.24470722617903648
4080 0.27161477581873056
4081 0.2107989790576394
4082 0.24616224378088766
4083 0.2642406656011393
4084 0.2850420304303188
4085 0.2946644947913615
4086 0.3297539102952341
4087 0.34748707813107105
4088 0.36262985161971556
4089 0.38201373088628787
4090 0.3989234249441744
4091 0.4008423394004555
4092 0.40479608532857286
4093 0.3483425684271913
4094 0.3632841800322234
4095 0.36611840444492694
4096 0.3722058380163032
4097 0.26097330681562153
4098 0.18498443899141104
4099 0.1547827603474695
4100 0.1331725735167822
4101 0.10874753551110639
4102 0.11319476495304145
4103 0.11336179383980795
4104 0.11466028613900067
4105 0.12008815593026856
4106 0.11398049058320465
4107 0.10881535723918832
4108 0.10467109363352932
4109 0.11044263432089252
4110 0.1546850850124459
4111 0.16452374641604944
4112 0.17871011557446176
4113 0.1303812745723737
4114 0.06233269852056396
4115 0.06182828400062381
4116 0.06705873589443169
4117 0.06508476306405947
4118 0.07769348220578885
4119 0.08826334527889218
4120 0.10115713576438465
4121 0.0672329139174219
4122 0.06373252532698066
4123 0.06928635644074796
4124 0.08418759568519618
4125 0.07344393221278178
4126 0.08425308389238809
4127 0.0904563139436735
4128 0.09795002133300242
4129 0.046028021334084165
4130 0.09913646568663394
4131 0.12774642692083849
4132 0.1564053641263787
4133 0.048162534125327595
4134 0.06934305775070355
4135 0.09282054984107392
4136 0.11246203152991824
4137 0.06267609868780057
4138 0.06406978840835188
4139 0.06471589506180787
4140 0.06958389704735245
4141 0.16247757297871063
4142 0.17001082624746114
4143 0.16448049266389986
4144 0.16113559446516432
4145 0.15733015349777316
4146 0.05568286193522689
4147 0.07043050145105288
4148 0.0937753928760018
4149 0.07813945018316514
4150 0.10541969062328664
4151 0.10635693270424862
4152 0.10527788440503968
4153 0.27855609963168426
4154 0.2854206023737325
4155 0.2841683267927492
4156 0.2783999134506191
4157 0.2329348107017819
4158 0.15331356019502346
4159 0.125310500782459
4160 0.09236949524084553
4161 0.20901625818258107
4162 0.19695793986988488
4163 0.18884180405259546
4164 0.16874243595931154
4165 0.29694647980678124
4166 0.3058802703304493
4167 0.3011978837879378
4168 0.2907944967186282
4169 0.2714729225328592
4170 0.17798370453238171
4171 0.14521235770135626
4172 0.11015640392500009
4173 0.13280843197268175
4174 0.0606484550841181
4175 0.04702488358468305
4176 0.04066178080935601
4177 0.04484009759989973
4178 0.09623752652550316
4179 0.13102481314746967
4180 0.1686431769988308
4181 0.08640819200378363
4182 0.08649634852985155
4183 0.08597454802836879
4184 0.08658886605837612
4185 0.0992821085320545
4186 0.13135340580875124
4187 0.1268869724689245
4188 0.11729484623449073
4189 0.1419436692708021
4190 0.23873196345350714
4191 0.2608464286421255
4192 0.2779634287533298
4193 0.3544581212214835
4194 0.29316053306038303
4195 0.25053838421535857
4196 0.20250595014297082
4197 0.06119051937444077
4198 0.09242230307990391
4199 0.1043691570420745
4200 0.11306395017834057
4201 0.16761572205298358
4202 0.19369629235736585
4203 0.19394894237327084
4204 0.1859689776102627
4205 0.1703659669269863
4206 0.15632994202212194
4207 0.14983633821793438
4208 0.1394614364948473
4209 0.11279494368704095
4210 0.12288644691520687
4211 0.13640445189788367
4212 0.14376522151789306
4213 0.23706961084991948
4214 0.2787506501812717
4215 0.2884266310464435
4216 0.2848902350516616
4217 0.3068813137476315
4218 0.22166090399576246
4219 0.17777337134821758
4220 0.11110389791577881
4221 0.08012111535522899
4222 0.09922184467301058
4223 0.10694172344124693
4224 0.11713207141864412
4225 0.08251532298381423
4226 0.09163306120286857
4227 0.09508643415847143
4228 0.10023121814549134
4229 0.10479844299395591
4230 0.09510837418710637
4231 0.0910950339615403
4232 0.0896510524802085
4233 0.07941106061960623
4234 0.0569560112239471
4235 0.04441786939517554
4236 0.033804332825459034
4237 0.06337750294329035
4238 0.08912153233948633
4239 0.08842203436495306
4240 0.09213204561553534
4241 0.059435175030201286
4242 0.07658483098197237
4243 0.08476323078749702
4244 0.09215154920048961
4245 0.2004115847517606
4246 0.20291861878495723
4247 0.18999755842857222
4248 0.1662808631580304
4249 0.17249901352839228
4250 0.04488628524474575
4251 0.03975148323585301
4252 0.06780094573144697
4253 0.060291414759648616
4254 0.09948788725568156
4255 0.1303236465682997
4256 0.1604448970622827
4257 0.19234062339578575
4258 0.21160275521626776
4259 0.228079986383069
4260 0.2408161097162119
4261 0.20334478061884828
4262 0.23427909842554187
4263 0.23250835641427817
4264 0.23639954342611222
4265 0.19332475831455787
4266 0.25729288578547593
4267 0.26508555847247883
4268 0.2804892239518595
4269 0.3250751180978937
4270 0.35518410730467903
4271 0.3668093566611342
4272 0.37051819955181764
4273 0.4419293980330135
4274 0.43000865747385436
4275 0.4112986522573791
4276 0.3729282618360867
4277 0.3242939591056147
4278 0.32077615793612174
4279 0.31544883088633496
4280 0.3023696084520924
4281 0.3455009277912053
4282 0.3031987191787592
4283 0.28054500773599955
4284 0.23786231798747406
4285 0.13608479170459933
4286 0.10936755336828806
4287 0.10165236743547314
4288 0.09301293360002996
4289 0.14326134454592424
4290 0.16068280565651624
4291 0.17839712877081323
4292 0.17890124910999297
4293 0.09075618438118122
4294 0.06918267978240993
4295 0.060702854279007484
4296 0.06678404750978253
4297 0.0762556857709816
4298 0.14403366869022913
4299 0.1518349787673577
4300 0.17301042327796762
