x y
490 0.11572846402373474
491 0.12641168921958051
492 0.12482059542579912
493 0.06131733998837986
494 0.09760849421571723
495 0.12213173751835357
496 0.1249555710199474
497 0.09629701096714562
498 0.12226750831524834
499 0.11879752214545194
500 0.1053299290638194
501 0.07640363443603676
502 0.1254848504346067
503 0.11920656375986072
504 0.12694624358592518
505 0.09431587650435895
506 0.11693683235576241
507 0.10041321329597983
508 0.10061062783032067
509 0.1111760546789367
510 0.10394226957526716
511 0.09797365924697625
512 0.09053791288756821
513 0.09593871033397745
514 0.11838269998033052
515 0.12619017782202135
516 0.11417295628999818
517 0.05803707647582513
518 0.10403402201263247
519 0.12058691705877438
520 0.10559808797102581
521 0.051330048400491136
522 0.09956639927945948
523 0.0974071459525022
524 0.11838676355594804
525 0.06262368038561968
526 0.11869124439842078
527 0.09676317048513265
528 0.08833021930307731
529 0.04361436763469257
530 0.10545825304713562
531 0.08747844383548412
532 0.1206755310014052
533 0.048424439216768346
534 0.08516609073708158
535 0.10148042397529941
536 0.10657835733163785
537 0.056187547612173275
538 0.08588903320541885
539 0.10452664489166934
540 0.09921242671167349
541 0.03620832251875954
542 0.06692882834313037
543 0.08423740146757831
544 0.10733490047976878
545 0.02697231407632045
546 0.07763027593856434
547 0.0949954043796426
548 0.10324934198515551
549 0.08769190039140594
550 0.09293108688981729
551 0.08510736453707667
552 0.07915709460054755
553 0.043738242357946454
554 0.0921747487028741
555 0.09866389410097881
556 0.09916468763799619
557 0.08141516051112699
558 0.09365315773552478
559 0.0954941392897799
560 0.06601458884026781
561 0.10468318991020507
562 0.08767992058838675
563 0.08636134385499171
564 0.06540131435399464
565 0.03685675262568885
566 0.07307664710514339
567 0.09255612681597979
568 0.09198307560553699
569 0.029303751603101773
570 0.07087281197768873
571 0.08195374654442124
572 0.10038386771647162
573 0.04953640607542766
574 0.09687589546362853
575 0.08066608227143433
576 0.08005065228421089
577 0.09800999501255968
578 0.08641369186772142
579 0.0753661868870171
580 0.07420798035944777
581 0.08893373048059942
582 0.06971878875762869
583 0.07463038462790152
584 0.059396682767747004
585 0.054044275597888616
586 0.07553252280714699
587 0.09094029513410076
588 0.08748281998502072
589 0.0336352660926836
590 0.062377155575576285
591 0.07104806753681663
592 0.08065099285161254
593 0.024092091892041013
594 0.06326832472370052
595 0.06693465031516622
596 0.10015852342042436
597 0.030489811248768404
598 0.060115480539884934
599 0.05354872539114625
600 0.07685954766018198
601 0.03111635379293203
602 0.07663218048054067
603 0.07173574940119067
604 0.0842925821091148
605 0.032038341899805214
606 0.04943286871776016
607 0.07688248057968616
608 0.07638393199761868
609 0.028384335085641914
610 0.05156096073525943
611 0.06629565642859023
612 0.061906010524945244
613 0.03196429910263738
614 0.04867868677176747
615 0.06989136707402865
616 0.06989735088735136
617 0.028920902926636297
618 0.059071791369191086
619 0.0506802886409969
620 0.06488324382674111
621 0.026259076736444804
622 0.03310415859009213
623 0.03930782392389957
624 0.07634147056217032
625 0.034551031712672875
626 0.042014855584377696
627 0.05075550774361101
628 0.0719135807967621
629 0.02745366366096091
630 0.03904419584798976
631 0.06666133480390739
632 0.05831661805891302
633 0.03418037068336281
634 0.04894234347733181
635 0.064535637547439
636 0.06813680738161158
637 0.030835060258496017
638 0.05786178138594372
639 0.0715651295781062
640 0.05800728591299031
641 0.038238940176801954
642 0.06821104437682465
643 0.05498419482941652
644 0.07110251028810355
645 0.025453198698713212
646 0.04420267015341098
647 0.04509702423596372
648 0.06958487316548659
649 0.024884032784258776
650 0.04293767441426001
651 0.06013361756946824
652 0.06461119129308415
653 0.025308667380755344
654 0.03375035562760933
655 0.054943882957686346
656 0.05692190492627133
657 0.025009888512729738
658 0.030560743855147794
659 0.05163945151505532
660 0.06340212586461955
661 0.02655713033061468
662 0.05576653398201526
663 0.06013206006263394
664 0.05731535629484196
665 0.026013298969528885
666 0.04219873265507883
667 0.04191808561989277
668 0.0641731104338251
669 0.026130605557899825
670 0.02821431536716904
671 0.02458841818440009
672 0.04372157700255499
673 0.02593129330709396
674 0.03172670169996652
675 0.05070996780360373
676 0.05344292718003797
677 0.03056395655682387
678 0.040263343507106926
679 0.0544018288240068
680 0.04302873285872075
681 0.036889942400629226
682 0.04611999529468799
683 0.06115750539340298
684 0.04330388742639529
685 0.041556228966130405
686 0.04661974481683357
687 0.042374846181462436
688 0.04040919532071588
689 0.0338245835066905
690 0.061956533569732325
691 0.04809176844491263
692 0.054717988734119045
693 0.025450873961193696
694 0.03816356185453924
695 0.034641328238773944
696 0.05220112252584402
697 0.02446583453506975
698 0.03828360802107374
699 0.0557070944704147
700 0.043842003472267854
701 0.0242258900424495
702 0.024300218749727105
703 0.055149136804370676
704 0.04349964223753669
705 0.029311047693244385
706 0.034423947797424755
707 0.0476437512644339
708 0.035496426049333785
709 0.04383025994956772
710 0.05274368757519363
711 0.038609044566963825
712 0.044003635548100745
713 0.028282752560124712
714 0.048768845467380334
715 0.03651981711607678
716 0.040115293396368
717 0.025131681845944335
718 0.04755471921182353
719 0.042131867691116175
720 0.03792343429139507
721 0.027036715613811494
722 0.03414136135468019
723 0.057543668208542176
724 0.04459175702023945
725 0.02958523092413542
726 0.029721912780476048
727 0.04091871222988442
728 0.040190231052334074
729 0.04595787140565189
730 0.03047614659528974
731 0.038255325473491524
732 0.04102986105056094
733 0.03110860338749686
734 0.042149675935901534
735 0.030219992007014883
736 0.035931229579526644
737 0.02541422439759798
738 0.0374599960392418
739 0.0304092704380441
740 0.04580342482131336
741 0.02362563106904812
742 0.028875834583994304
743 0.04107923347410756
744 0.03235186036812452
745 0.0370130438029679
746 0.03909507623763292
747 0.04867940013532269
748 0.028810667474005194
749 0.04283862920466268
750 0.02735927304986333
751 0.032780162930545156
752 0.027062366460807643
753 0.026076213881879137
754 0.04113498488418686
755 0.03650423601784075
756 0.04249045555378727
757 0.026899191214350436
758 0.03170566996336782
759 0.02593140857120324
760 0.03831555309680429
761 0.028767998900419894
762 0.04058240337699972
763 0.030600270682443143
764 0.036066392490458496
765 0.03052816838212811
766 0.03449305149380561
767 0.03761523338934412
768 0.026351234422689013
769 0.03639537343698391
770 0.03607761618844943
771 0.03593735050501978
772 0.03402933223551957
773 0.026057550998786365
774 0.024072296149523803
775 0.03643844718563621
776 0.04901747598093424
777 0.028181099851617052
778 0.02579845391738068
779 0.039965699412092194
780 0.04405849071179366
781 0.02861312168309587
782 0.03169329599748282
783 0.027032318680928303
784 0.040722432618557736
785 0.027383355453690885
786 0.028823524708926032
787 0.031886425491683225
788 0.03144602663441201
789 0.02584733387872579
790 0.031570778782436304
791 0.03460723614378054
792 0.029211540209603936
793 0.03483410550336276
794 0.03018236028454522
795 0.03802807398794104
796 0.030717458289024623
797 0.03021784098950192
798 0.025489573671416466
799 0.030528467108430005
800 0.025434592426591768
801 0.02679251203939781
802 0.031440225094499855
803 0.037769214323101694
804 0.03689791347819147
805 0.028891539843199185
806 0.03646662183527676
807 0.028017983450350996
808 0.03764037656697639
809 0.02935874205189816
810 0.02708451956887795
811 0.025477864454614644
812 0.03559275044364249
813 0.027849410074572284
814 0.031101587703779687
815 0.033311219989252426
816 0.02859298043024647
817 0.03565167045293649
818 0.02773679728044464
819 0.03805544845867642
820 0.025681837300978973
821 0.02600822307598273
822 0.019598523459204598
823 0.025655696921879054
824 0.03242067694953532
825 0.025465180265677758
826 0.02782346993639919
827 0.024847783571252682
828 0.026001507511448564
829 0.02639471909017716
830 0.02621562023807986
831 0.020798789943188564
832 0.027039697112057354
833 0.030302495847330878
834 0.025579434484246794
835 0.02428665592157409
836 0.04205288460484161
837 0.024803219616782248
838 0.0270093548458635
839 0.03136214191130878
840 0.02789107859846479
841 0.026262750621103295
842 0.02347540025746022
843 0.02473779335940304
844 0.030236237382702914
845 0.03238926562750235
846 0.025290784823329568
847 0.033401746793176604
848 0.02855805868552874
849 0.025078019180432405
850 0.04249445949278389
851 0.031439506094162344
852 0.04333492766719624
853 0.03287341077894056
854 0.03289481082832207
855 0.029368726574578185
856 0.02891893777081142
857 0.03325892185910976
858 0.024063315158669028
859 0.02942074238336116
860 0.029706828642695336
861 0.026221614743336473
862 0.020628778552760043
863 0.022324632605992205
864 0.0261478494608913
865 0.028979588757154385
866 0.02878421154500524
867 0.027054749447769713
868 0.02602141654218786
869 0.030066127138234193
870 0.02192728802404842
871 0.02188660148529521
872 0.03238551655325132
873 0.02497401553265502
874 0.03176733249769389
875 0.0260791124874301
876 0.031540993261116465
877 0.028323961395803506
878 0.025193911369438493
879 0.025910024668041636
880 0.03053392372787969
881 0.030354049671990405
882 0.0282953216588075
883 0.022079150333715502
884 0.024659257375161975
885 0.02131323975810742
886 0.02358827775587852
887 0.03042722905740625
888 0.024098801728085095
889 0.02625027303602505
890 0.024290536746254657
891 0.02565136283048962
892 0.03151543033836523
893 0.02604735589680679
894 0.031183623575166425
895 0.025003611844335413
896 0.03046586604753905
897 0.022919704904567875
898 0.027889146037264743
899 0.027274354351943444
900 0.03548770154932029
901 0.03257712895512171
902 0.02638833413831882
903 0.03275271522705369
904 0.02562226210322445
905 0.024970834327174278
906 0.025200355059516243
907 0.026972939563760213
908 0.02675068152449937
909 0.019609030330338707
910 0.02375036528124498
911 0.034735202398111856
912 0.03276502773148068
913 0.023614543165645856
914 0.023632725985189715
915 0.026664239243068225
916 0.027285372358665606
917 0.025830848857815874
918 0.030839692345162834
919 0.027245878926339253
920 0.03410724143814085
921 0.025749235250013082
922 0.028895381497321997
923 0.02726000078861172
924 0.033478276882328024
925 0.026737993178135706
926 0.02571592601358478
927 0.027333346855701535
928 0.029877739503667792
929 0.026391700362911708
930 0.03067135658259044
931 0.026428927439707102
932 0.02160062329555566
933 0.023547691892276186
934 0.02105288364362485
935 0.023254757654405683
936 0.028580118890858545
937 0.025252653058431933
938 0.04254857024526949
939 0.02451457858384801
940 0.02590949047110607
941 0.0219540553823015
942 0.026363739573934054
943 0.03298181294518078
944 0.02501826034821017
945 0.026699115555506647
946 0.02833891270024339
947 0.02978775722006145
948 0.03166376292795618
949 0.024787143322084933
950 0.030831944076738376
951 0.03474959936068639
952 0.023900359094349122
953 0.019476042689033544
954 0.029162966462060378
955 0.025867716604216405
956 0.022565457495563122
957 0.028836103990204642
958 0.03137518326969194
959 0.027956523130742508
960 0.026297177190337934
961 0.021403862482559228
962 0.021827599896698746
963 0.019024063511947503
964 0.02665939722788708
965 0.020794381244533245
966 0.03394740998274349
967 0.02225218036301762
968 0.02948253083180493
969 0.02678416297096007
970 0.02703382759399444
971 0.02705999475365699
972 0.026853142808329
973 0.030001208772889934
974 0.02634241345928706
975 0.03137262327989803
976 0.026169357850377533
977 0.03355318478074976
978 0.0302073978427845
979 0.03000951367497856
980 0.028055078044553122
981 0.02081607425547436
982 0.030486593574319328
983 0.021792708983812543
984 0.02857202929125767
985 0.030313993524244683
986 0.027703649419985717
987 0.02640705959615469
988 0.032289735485896275
989 0.025598163950379945
990 0.024935143876076198
991 0.030136414802292726
992 0.02730434522879645
993 0.027516363639368043
994 0.02480164719545512
995 0.025200945290768387
996 0.027135139104113495
997 0.025564077812340765
998 0.03129409525085586
999 0.029855117745595718
1000 0.02469511474301133
1001 0.03009989455693484
1002 0.029019555227396375
1003 0.0223517001406401
1004 0.02678342970588874
1005 0.025686763296330836
1006 0.027496653867955287
1007 0.027204935441033244
1008 0.02413720529210106
1009 0.024274656601420315
1010 0.022787824936056852
1011 0.027329679567990334
1012 0.03200079328220423
1013 0.03002323473274713
1014 0.03104235546144024
1015 0.03970032342657031
1016 0.026377450757624977
1017 0.04085637778560784
1018 0.025733035190176442
1019 0.02819937936654131
1020 0.025294482933954955
1021 0.02778566309507536
1022 0.02252187875491488
1023 0.029394420560943654
1024 0.025329073748909026
1025 0.02188867705911029
1026 0.02502894005254082
1027 0.023619789287589895
1028 0.02761101067393083
1029 0.026328794889692433
1030 0.03379749502778711
1031 0.027248031470801345
1032 0.029365608133928824
1033 0.030496407138729902
1034 0.028831877607952614
1035 0.026546742568044217
1036 0.030051020514505016
1037 0.02917723862274243
1038 0.029022981802193287
1039 0.030661827843787723
1040 0.026183491250606875
1041 0.024939733384683496
1042 0.026049196156058975
1043 0.024855734313570008
1044 0.027935876481034887
1045 0.027599103108923655
1046 0.02799259400103936
1047 0.029692054148559605
1048 0.024644310653029074
1049 0.02652246978370012
1050 0.020151999439138042
1051 0.023806778064826437
1052 0.02207428869598755
1053 0.02465195799331491
1054 0.03414996929016886
1055 0.022263873312870167
1056 0.02392733187298209
1057 0.024986863850853244
1058 0.021966144272660002
1059 0.0244746250707568
1060 0.026812336359859357
1061 0.027781160061698906
1062 0.03413438287927542
1063 0.02919429830963964
1064 0.032576322557613
1065 0.023662794670652392
1066 0.026475584451601517
1067 0.025041586566494217
1068 0.02543524674672519
1069 0.024148392800834032
1070 0.028587357019732577
1071 0.03268430207676005
1072 0.02462434871012052
1073 0.02833603506887726
1074 0.02459986350909004
1075 0.027246469732663578
1076 0.022342699346742524
1077 0.02190729475250308
1078 0.027860159740350093
1079 0.020195799727795966
1080 0.02960467141769246
1081 0.026986829014732063
1082 0.021696986207265588
1083 0.01766802296789127
1084 0.02865308706343619
1085 0.027508723426944503
1086 0.025166440997293038
1087 0.03280140646235285
1088 0.028537983317572072
1089 0.02542314499555499
1090 0.02744637711032485
1091 0.023760066570290093
1092 0.026759781159477306
1093 0.03161022181966439
1094 0.02690633306681284
1095 0.024489138042358697
1096 0.021591406824373698
1097 0.031104770885866835
1098 0.02359039193908248
1099 0.02855764668712152
1100 0.026055503000843028
1101 0.02271801124303728
1102 0.03426026591486795
1103 0.025710444719799542
1104 0.02508353612442623
1105 0.028046180456476645
1106 0.02734835561990982
1107 0.020746185455566543
1108 0.026498979795375174
1109 0.022991807406830746
1110 0.024425350887325212
1111 0.03308083796461357
1112 0.020258812114564997
1113 0.027576802464562677
1114 0.02233863367470062
1115 0.026506446052883
1116 0.025167215973843304
1117 0.03160175684907723
1118 0.022438304271944872
1119 0.022979587200676967
1120 0.03147284278292754
1121 0.02568706059891522
1122 0.02951801235891046
1123 0.028847208032651884
1124 0.028927992694581888
1125 0.026286584177582572
1126 0.026141119473876068
1127 0.027017094142499466
1128 0.0333962674753451
1129 0.02729052281912947
1130 0.029190277331601355
1131 0.02310283073636894
1132 0.02388667191530999
1133 0.024208144095976557
1134 0.033471162112742814
1135 0.027604478995483826
1136 0.020889629385319686
1137 0.029811189686300872
1138 0.024227743594028364
1139 0.02838071028149828
1140 0.026168779157395062
1141 0.020094221331183826
1142 0.02274677495980811
1143 0.02919765496020008
1144 0.02205955787964235
1145 0.02589574028706271
1146 0.027078307328699026
1147 0.02803534194339049
1148 0.018687447557289766
1149 0.022663219999166047
1150 0.027722784936041595
1151 0.025076568792368848
1152 0.031649921480438964
1153 0.026663258245351186
1154 0.02675937667965259
1155 0.024247987630629353
1156 0.025802094371816985
1157 0.024517316725759984
1158 0.028150132418169486
1159 0.027924501517904203
1160 0.026990597514490264
1161 0.022399407677114562
1162 0.02250973297169128
1163 0.021590515911700803
1164 0.0244854430772539
1165 0.022702136256566974
1166 0.02602620415945669
1167 0.03074692764771304
1168 0.026124569813803105
1169 0.03527096537866408
1170 0.021771628355282877
1171 0.02775956419841809
1172 0.027939393824010113
1173 0.025620066248144825
1174 0.023208796726017257
1175 0.02249512340201007
1176 0.035896851901830444
1177 0.028564470410747302
1178 0.018680923405192975
1179 0.026439146214802915
1180 0.03341678717754317
1181 0.028308364925501726
1182 0.025318558770618525
1183 0.02716667723160051
1184 0.023770648168590983
1185 0.023897727887000505
1186 0.026683915245794287
1187 0.02684475373752441
1188 0.024189453271613984
1189 0.02478076740752434
1190 0.029173057756449856
1191 0.030736035906934498
1192 0.028704962599722196
1193 0.03474554695587972
1194 0.027125634221358826
1195 0.030044536237091402
1196 0.02692025478462069
1197 0.025595178233618645
1198 0.03430818476028689
1199 0.030396833547648668
1200 0.03058237744140254
1201 0.026232730008058643
1202 0.030897004706840505
1203 0.027092014328416306
1204 0.02556797841306361
1205 0.02401469344727569
1206 0.0318266932753034
1207 0.030172385720969766
1208 0.031282719350721674
1209 0.026720736123910464
1210 0.03751276554139624
1211 0.024490700613029704
1212 0.023515908025177338
1213 0.02370923514502182
1214 0.02699540929291403
1215 0.03401290132665654
1216 0.024083237924117682
1217 0.027560507165909402
1218 0.030987424152941884
1219 0.02944699459903555
1220 0.025781870765889427
1221 0.03155499237912164
1222 0.02610835902284748
1223 0.02645229150788572
1224 0.03532556838619105
1225 0.024187842104174097
1226 0.030457368029467382
1227 0.02132550863436823
1228 0.03156742294662505
1229 0.02446343506149148
1230 0.031718161819724366
1231 0.031460236621998476
1232 0.0307671766434243
1233 0.024630857666430705
1234 0.021590822724682077
1235 0.02689211952840777
1236 0.028516935929622685
1237 0.030369431374091902
1238 0.028871698826935726
1239 0.03481557704575326
1240 0.026920549884244773
1241 0.03452539907052578
1242 0.026644665384717738
1243 0.022587183600020093
1244 0.024856032633735592
1245 0.03628128816794696
1246 0.029098076592236406
1247 0.022085628048016576
1248 0.026131202462556385
1249 0.027618849060415104
1250 0.03146447470433952
1251 0.02986346657703229
1252 0.029540466322291237
1253 0.02717747440861336
1254 0.029746196047397776
1255 0.025145023674655296
1256 0.03185114122779473
1257 0.03231791899378159
1258 0.03223663779092743
1259 0.031259349936027005
1260 0.02110525124936187
1261 0.027012543406655147
1262 0.023020931089276546
1263 0.02819022637706644
1264 0.03348310839266328
1265 0.037081154188847124
1266 0.020844019483562817
1267 0.03207467376646203
1268 0.027732661499174242
1269 0.030678932831331635
1270 0.03227076802363317
1271 0.023709325152733603
1272 0.027511047268391396
1273 0.02739327773902608
1274 0.025572062010747645
1275 0.019475474949248808
1276 0.0303885702945464
1277 0.021783722182301977
1278 0.026949033161966653
1279 0.029991254504650188
1280 0.029336549330735776
1281 0.029476946101652395
1282 0.027129146020260123
1283 0.0292993296745866
1284 0.02500059885831257
1285 0.03375323049807585
1286 0.028327613938230273
1287 0.030998578907110986
1288 0.021101691303189507
1289 0.027192346272392406
1290 0.0262805906454199
1291 0.029594205375186016
1292 0.02441557019841828
1293 0.022506057279006234
1294 0.030374059680036782
1295 0.026770560743118368
1296 0.03212353689369624
1297 0.024027488385479745
1298 0.030390154455206222
1299 0.027309693544272727
1300 0.02986206686225582
1301 0.02933356975067048
1302 0.02562635193492333
1303 0.020737647501672663
1304 0.02349072233469732
1305 0.032291593018285575
1306 0.02202478652435933
1307 0.027883485996635198
1308 0.02374382749368025
1309 0.0350257218408161
1310 0.020695249742420735
1311 0.02645465197685561
1312 0.02895576104616929
1313 0.02874227139677873
1314 0.021198459660597965
1315 0.031007879080231986
1316 0.026122710639401657
1317 0.021799051127436003
1318 0.022330642999905535
1319 0.023124278886415193
1320 0.02780054278067101
1321 0.028209982098925866
1322 0.03036083063825773
1323 0.028012813898940538
1324 0.029925138099369086
1325 0.027127329159023
1326 0.022541622016615373
1327 0.02968970586678398
1328 0.02388417510405204
1329 0.02281369026985677
1330 0.02948164100704972
1331 0.02679543802577813
1332 0.024617779839732415
1333 0.027977494658218503
1334 0.02627398239290049
1335 0.024357349227075043
1336 0.020598011412361915
1337 0.0285351033328199
1338 0.024621516104779518
1339 0.027255614879157654
1340 0.02361241749373686
1341 0.024752310439636688
1342 0.025489595905432094
1343 0.027143739150759037
1344 0.024731355962545006
1345 0.022012707794707514
1346 0.024543233758975692
1347 0.020352512228629636
1348 0.029725133375782867
1349 0.022852277803419748
1350 0.026441254604598067
1351 0.021383036889487426
1352 0.02737754766219873
1353 0.024572638869457472
1354 0.024577505692089968
1355 0.03333237249158517
1356 0.01920082430920761
1357 0.02427400883908882
1358 0.023003034634107793
1359 0.030851256406642113
1360 0.026602024581341806
1361 0.02319763596612263
1362 0.026744581133331967
1363 0.02523895922571682
1364 0.029838609913808604
1365 0.025950724122833068
1366 0.027558504577315953
1367 0.019373212902627703
1368 0.01946731698752952
1369 0.026648978139799873
1370 0.02716144832758412
1371 0.02717249594413238
1372 0.027415784502668173
1373 0.022914260214660212
1374 0.022921274681607297
1375 0.02608696915153784
1376 0.02385021576631129
1377 0.025010930080182354
1378 0.028989924067628424
1379 0.024800536232111873
1380 0.023868284504603918
1381 0.022529016461924137
1382 0.03286702355726025
1383 0.024981514896081775
1384 0.024561506315783823
1385 0.02718820969624997
1386 0.027845991333761016
1387 0.022957198408321212
1388 0.030390208392346914
1389 0.02735495992863823
1390 0.03216689975458328
1391 0.019568177019845152
1392 0.02375229299165184
1393 0.028752109424435842
1394 0.030173701963839308
1395 0.020409130728336885
1396 0.027756302312601594
1397 0.019430707441381853
1398 0.026375760405964923
1399 0.0337622203724039
1400 0.02200236074936219
1401 0.02434384286236428
1402 0.02829963554093195
1403 0.03132239438505349
1404 0.02282555131170749
1405 0.030853859122893033
1406 0.026128234474716926
1407 0.018918927676659508
1408 0.024405785108803785
1409 0.030342887866239055
1410 0.025959890033146783
1411 0.024795774485398093
1412 0.025225445375779726
1413 0.026233587536310273
1414 0.02343955955819089
1415 0.027111364639134997
1416 0.024800536335952274
1417 0.03168238912025313
1418 0.027558719091725394
1419 0.026806009151297213
1420 0.03343204447057808
1421 0.02669890777334335
1422 0.02204583331712639
1423 0.029242064015662785
1424 0.022518534181767188
1425 0.02922580703324063
1426 0.023199566517984025
1427 0.02861139888667822
1428 0.018444762499564782
1429 0.03333691910408747
1430 0.025444980445553572
1431 0.029704312493089302
1432 0.020144722215490605
1433 0.03434387417912865
1434 0.021999107108281218
1435 0.026574447403151184
1436 0.02783925667425129
1437 0.03166915266976252
1438 0.026812236507524876
1439 0.026763557930795226
1440 0.025273412681688097
1441 0.03941142803407901
1442 0.02790415533562314
1443 0.030197431081825665
1444 0.024197378622617772
1445 0.025302900600895652
1446 0.0245912454402798
1447 0.021482771317716212
1448 0.022387207108076408
1449 0.02987369849929336
1450 0.018775545538508045
1451 0.027965095177123592
1452 0.021350252874086456
1453 0.027748162295786367
1454 0.02077510269632706
1455 0.027041996584804818
1456 0.021435923499304052
1457 0.03378732510941426
1458 0.0241668864063031
1459 0.024867195120015055
1460 0.026144795680308367
1461 0.030289550115995604
1462 0.023550724353278114
1463 0.02124786439506531
1464 0.023061188686066204
1465 0.031066937589466725
1466 0.027123622858738036
1467 0.024389477052628387
1468 0.021039534466873632
1469 0.024972457778606107
1470 0.023970190005596498
1471 0.021280606400788177
1472 0.027691413776149636
1473 0.03334986004973244
1474 0.02389809473794378
1475 0.021070996783857973
1476 0.02681774358901579
1477 0.028751787624732295
1478 0.021831565100163985
1479 0.02874351935405923
1480 0.028613073560812913
1481 0.02707397141585732
1482 0.024127263624918602
1483 0.02566959161208533
1484 0.030764463308732896
1485 0.027265219322359167
1486 0.025769638694517413
1487 0.02520594306258221
1488 0.02998596868767108
1489 0.035104066330589774
1490 0.02307154160514028
1491 0.02943070882623223
1492 0.021853708343060628
1493 0.029427553367798447
1494 0.0273942491440466
1495 0.03028568190490103
1496 0.02693197160868101
1497 0.031038984988999666
1498 0.025975308223580344
1499 0.0236945678990377
1500 0.021291278188408366
1501 0.029321849851709363
1502 0.030508234019615662
1503 0.026843722671424337
1504 0.024297270291340357
1505 0.021781396335020162
1506 0.021738392094369837
1507 0.02698994341030303
1508 0.01908083794959981
1509 0.02372038085445136
1510 0.022060883832956204
1511 0.02986023319187655
1512 0.02684840597486249
1513 0.029519661077765928
1514 0.025191821897286363
1515 0.02413297859941553
1516 0.023715908595659238
1517 0.024085191380492543
1518 0.02832203107088466
1519 0.026197117080416287
1520 0.035390804387675306
1521 0.024002483678228364
1522 0.022457080074393235
1523 0.023546258743619302
1524 0.024879587261394068
1525 0.023652830037085855
1526 0.023306995265361286
1527 0.023457630127416404
1528 0.02792347935055027
1529 0.025139260677354027
1530 0.02394172799352133
1531 0.030220940434060557
1532 0.02273054662858722
1533 0.02709505364159271
1534 0.023826614525373997
1535 0.028562974187161944
1536 0.024103771185016772
1537 0.024469668924477727
1538 0.02690440583349187
1539 0.025110838191721295
1540 0.026038603854214696
1541 0.028277153122791155
1542 0.030246680927619396
1543 0.026467328243743666
1544 0.031385214287942664
1545 0.028525198436342332
1546 0.02967625954835088
1547 0.02789675124001708
1548 0.025630486275288477
1549 0.02216168476362116
1550 0.025058229566577318
1551 0.027061490110968475
1552 0.02560645559493953
1553 0.029155152765192472
1554 0.028080713127820216
1555 0.025996687759050938
1556 0.025573715594024035
1557 0.031228929925269197
1558 0.021630293120669195
1559 0.028641481727006743
1560 0.02961785033558447
1561 0.0285714951550189
1562 0.022346389693134384
1563 0.024296875280578143
1564 0.022524065784421073
1565 0.0314404127964816
1566 0.02780583862586552
1567 0.022316599811228056
1568 0.020599259199797677
1569 0.0271902221814841
1570 0.02360062858045467
1571 0.02270294352470676
1572 0.02333091272225764
1573 0.030673355085395544
1574 0.03283906201457854
1575 0.023793553385964433
1576 0.027754501396609028
1577 0.028475796627068943
1578 0.020745488062017925
1579 0.02633976781258894
1580 0.022408905998856716
1581 0.028211360920240236
1582 0.02716360230633022
1583 0.02426690377346838
1584 0.025113843947646527
1585 0.02418607324095791
1586 0.02284502386772091
1587 0.020066944014603134
1588 0.028405645817535033
1589 0.021851026201822613
1590 0.03180501453176612
1591 0.025361666256047435
1592 0.032750342719214
1593 0.021150667674321957
1594 0.027813123167812988
1595 0.023057472220341758
1596 0.029088534953205847
1597 0.02487788088199053
1598 0.02315641215678714
1599 0.02694271742576164
1600 0.02691409321596873
1601 0.03208635629492749
1602 0.022242507977413742
1603 0.029143633127127724
1604 0.03075714256895079
1605 0.028360263676240508
1606 0.024997767877768744
1607 0.026095938932302085
1608 0.028248079962234246
1609 0.031775917954876956
1610 0.030542781870194012
1611 0.026093040548060855
1612 0.028498174131221053
1613 0.03620053592319959
1614 0.023596534854827135
1615 0.027835015122544177
1616 0.030031870929114166
1617 0.022970483481384158
1618 0.03107384385030262
1619 0.024237925940722434
1620 0.03696660516407967
1621 0.031745087297404564
1622 0.022690227228195893
1623 0.02875903411900165
1624 0.021590314439372604
1625 0.027998408348948015
1626 0.02132364493744855
1627 0.028287443233596502
1628 0.0185755797638372
1629 0.023733006571608574
1630 0.025798627525323897
1631 0.026990622365221182
1632 0.02899295141950246
1633 0.024045159390376436
1634 0.025661861594378322
1635 0.028685605695886685
1636 0.023977534884756662
1637 0.019355616068883592
1638 0.026057844073273665
1639 0.02382858484850042
1640 0.023242561760441333
1641 0.02592890956750179
1642 0.025001232348716897
1643 0.02611491797117016
1644 0.02684482030620208
1645 0.029312400853624052
1646 0.025036893729730385
1647 0.031868744482746694
1648 0.024315161888513525
1649 0.02571154131050911
1650 0.025907885192430025
1651 0.03436810399972314
1652 0.01912776561040139
1653 0.03357042685676321
1654 0.02451853064845226
1655 0.025617901130291762
1656 0.026778404130535623
1657 0.023857465645879695
1658 0.026438470866036675
1659 0.02327067000672382
1660 0.026591977253284212
1661 0.023813366413516647
1662 0.026290487957845006
1663 0.026142706923219027
1664 0.03126047385608105
1665 0.021775448362685534
1666 0.029519596589593456
1667 0.023014168323427717
1668 0.02426424354911855
1669 0.028225172001865487
1670 0.024109243592353925
1671 0.025357033000658332
1672 0.02681522216804662
1673 0.020303104005340165
1674 0.017698341670782127
1675 0.025136257421662585
1676 0.019889069673274057
1677 0.02137783064899559
1678 0.02890599054434861
1679 0.02621469791589278
1680 0.023643076036851854
1681 0.02350730534736695
1682 0.03184410759989063
1683 0.02567333740087727
1684 0.03294594574881163
1685 0.024432749222755297
1686 0.028947430122303407
1687 0.02585675674426627
1688 0.026616912439082555
1689 0.02718337887278578
1690 0.020367281715579427
1691 0.018841308514486035
1692 0.026468231929712854
1693 0.030976190932720454
1694 0.021852405879115834
1695 0.03236616773695019
1696 0.022105626403297444
1697 0.027421366131110975
1698 0.02112589109810077
1699 0.0296515015062549
1700 0.026719237788327563
1701 0.025273866790221474
1702 0.02032524725185148
1703 0.02532300762673739
1704 0.03015195483344087
1705 0.027414531659738794
1706 0.030561503117571793
1707 0.02309137608691125
1708 0.022964190645592533
1709 0.02407006331603436
1710 0.03046948073969538
1711 0.02371858967327576
1712 0.025227639596656998
1713 0.02444003708378359
1714 0.028482627650938105
1715 0.024692582911021506
1716 0.024770968247389898
1717 0.028992170334165013
1718 0.025128023661705023
1719 0.029964944510314902
1720 0.021072647000619844
1721 0.02739301071085466
1722 0.022817435290116442
1723 0.022386128330814253
1724 0.025280998002655004
1725 0.027288988143088548
1726 0.027072071273419974
1727 0.018946630842011744
1728 0.027155606000325048
1729 0.021972833440100082
1730 0.02783177675682919
1731 0.025793351881046134
1732 0.02353968667867062
1733 0.02545579327482673
1734 0.025260679253158187
1735 0.02286212671638317
1736 0.03139190149255485
1737 0.030970698982296558
1738 0.026486976073450057
1739 0.026283438006741267
1740 0.025237055314790115
1741 0.032185998865030103
1742 0.026908454144488347
1743 0.030176318516522787
1744 0.026896230331401892
1745 0.027824908847971383
1746 0.029422901396803713
1747 0.02913616622901284
1748 0.022025516741051892
1749 0.023495587745974246
1750 0.019488474957645857
1751 0.026184336304568217
1752 0.024215749985451864
1753 0.028522640614502826
1754 0.02030447633403256
1755 0.025226885832890667
1756 0.02485353337064104
1757 0.02613323820944735
1758 0.02736809674394537
1759 0.032134752055437754
1760 0.025332669512221562
1761 0.024887463308717998
1762 0.022261571980794613
1763 0.023961205224512824
1764 0.030331690288751267
1765 0.02691920728612779
1766 0.026489327448878365
1767 0.021246417425049506
1768 0.024233085569810527
1769 0.025071068683036726
1770 0.02267656407145445
1771 0.025671791199488342
1772 0.029404195141664393
1773 0.028489238091464312
1774 0.026271408380617346
1775 0.02651208064089573
1776 0.027891158930189147
1777 0.03456579850238486
1778 0.02775914331748293
1779 0.01697277760230863
1780 0.027802245227310306
1781 0.029009549407449414
1782 0.024253785374075704
1783 0.02547411903693238
1784 0.029770303491525638
1785 0.02481379606662306
1786 0.028312171502382865
1787 0.02626173282976987
1788 0.029137387278795168
1789 0.03477449615536091
1790 0.02683734779080943
1791 0.031073358538601513
1792 0.029613252696971938
1793 0.025759144232030497
1794 0.023857033008595152
1795 0.026091220628398068
1796 0.02732520378539234
1797 0.030141739585202963
1798 0.03413543565286531
1799 0.03163303466301435
1800 0.03204067432489942
1801 0.027009563642145275
1802 0.021993812294339717
1803 0.02500682258486599
1804 0.020337943154649027
1805 0.020088906486690015
1806 0.024776372713434677
1807 0.02768547952484361
1808 0.03222208438428729
1809 0.0267337690885531
1810 0.03035681470655987
1811 0.026085759608247525
1812 0.03251591293500583
1813 0.029513088866846424
1814 0.027317317235693132
1815 0.02717204951657934
1816 0.033780314386971426
1817 0.03216419214287618
1818 0.026122326186701173
1819 0.02777132711019132
1820 0.023639865567516367
1821 0.03046187544856861
1822 0.025519715249384317
1823 0.026227690561659828
1824 0.028627701454366605
1825 0.03221971603502002
1826 0.025166264810300508
1827 0.03026121593732764
1828 0.028300641274511977
1829 0.026394446825654023
1830 0.0231000449959138
1831 0.019820992885296783
1832 0.031803114519492734
1833 0.020571766022999736
1834 0.02973315163241867
1835 0.025752107563183503
1836 0.0303417260324273
1837 0.023428484579422884
1838 0.032263631727357266
1839 0.03565482636982008
1840 0.032829365006470816
1841 0.029983657189065566
1842 0.028816083567171153
1843 0.03163215342180602
1844 0.021283818914738725
1845 0.026294133569437838
1846 0.02375725041651308
1847 0.024537615898598666
1848 0.02632155653028523
1849 0.020865075836246555
1850 0.030586842579497703
1851 0.027352002760459973
1852 0.024478832507567747
1853 0.026128099697960663
1854 0.028281342549607246
1855 0.0235495252781278
1856 0.02321294430522521
1857 0.025126228195023508
1858 0.029585901075945824
1859 0.029162721034674093
1860 0.02709730464437945
1861 0.02489269767894051
1862 0.029615090658413563
1863 0.028071070887711186
1864 0.023763716309424886
1865 0.029755668686820176
1866 0.028908182068015646
1867 0.024027147414411205
1868 0.01856137498339625
1869 0.024703678958245826
1870 0.022632202687814948
1871 0.026744202895910545
1872 0.024551265035151898
1873 0.03064127207519099
1874 0.02391672113808922
1875 0.03363974290619689
1876 0.03132854671774207
1877 0.029668166240026002
1878 0.0277070351246653
1879 0.0243846328172189
1880 0.026251167151504745
1881 0.025993502897481875
1882 0.030057776157500254
1883 0.02779341027275219
1884 0.03343448354139077
1885 0.03198379731859602
1886 0.023877726202224805
1887 0.02689045214050399
1888 0.029751615599325786
1889 0.026327498659382845
1890 0.026587696011394595
1891 0.02958408000963693
1892 0.024784500059535815
1893 0.023391458585198668
1894 0.02579253738292548
1895 0.030883961685924412
1896 0.026312386170126035
1897 0.028271982253811282
1898 0.02392104854610524
1899 0.029451253056706202
1900 0.030591252583088445
1901 0.5263634587539606
1902 0.5465528901651469
1903 0.5265711985837095
1904 0.4346795319873249
1905 0.6914192352798475
1906 0.6408358020763679
1907 0.6042127733646369
1908 0.51323987436292
1909 0.4630854449297236
1910 0.5034034215195831
1911 0.4082971674268587
1912 0.28326989405448194
1913 0.11473000320694889
1914 0.13459609755609556
1915 0.06705844120672949
1916 0.030708067270400985
1917 0.03488886784361039
1918 0.046063936069511244
1919 0.05752935017462493
1920 0.09453264158044122
1921 0.03592219329970355
1922 0.09787759901437897
1923 0.08788071536055314
1924 0.12580897726235277
1925 0.088146662262979
1926 0.11027735244442353
1927 0.09531289569458448
1928 0.09350064118815155
1929 0.05292141803342587
1930 0.043533932477318994
1931 0.04588694342155085
1932 0.03774202187337109
1933 0.3387356113289289
1934 0.2666741243322713
1935 0.19716168777073173
1936 0.1204372672671002
1937 0.3855223276946545
1938 0.38408344057921684
1939 0.2999153550354929
1940 0.19398516425741139
1941 0.29374443524966243
1942 0.2209302200021713
1943 0.15168047885243166
1944 0.0997164370082153
1945 0.13838419442835614
1946 0.16628661831064437
1947 0.1291870768759223
1948 0.09738938484747692
1949 0.20150878992618632
1950 0.2687245791436101
1951 0.2143915774306467
1952 0.14492333494930545
1953 0.29684884670728523
1954 0.2931781920996815
1955 0.25685250095496415
1956 0.2112045084657076
1957 0.32974798564930097
1958 0.3525188353400368
1959 0.30857478848567954
1960 0.2478648379287908
1961 0.20273427792521898
1962 0.16603740916635576
1963 0.13478645149974117
1964 0.0791399611388738
1965 0.7395295240415448
1966 0.787225819118995
1967 0.714551925403123
1968 0.5279748576903213
1969 0.4995435422744889
1970 0.505951706139251
1971 0.348605909672028
1972 0.1720579379885114
1973 0.6658778193220296
1974 0.6899368381803006
1975 0.6090893884413787
1976 0.4394659161700433
1977 0.23252393728986173
1978 0.20593023398092017
1979 0.16208540160385335
1980 0.11972821437174946
1981 0.6808447630101335
1982 0.6572728144524846
1983 0.6031860712953978
1984 0.4569098255510448
1985 0.3198630665008625
1986 0.28039185497569097
1987 0.2529960417040263
1988 0.17887061791413936
1989 0.30546788721335705
1990 0.2829004559421715
1991 0.23414836159577035
1992 0.15380027558288709
1993 0.22649772442165242
1994 0.21535922394430235
1995 0.1437450150861943
1996 0.1274673772325234
1997 0.34485404729578645
1998 0.28988681810688377
1999 0.25274581468270924
2000 0.21572936812405563
2001 0.41864596877109045
2002 0.4180739151844091
2003 0.42056888372355383
2004 0.41448389787174184
2005 0.4198087025263325
2006 0.4162220417862526
2007 0.41711651110725206
2008 0.400094174663481
2009 0.39703258381054274
2010 0.3883705993399263
2011 0.3857769396377739
2012 0.3653626261829476
2013 0.2769471724883456
2014 0.25971388600169854
2015 0.23272288143233422
2016 0.2525550449998564
2017 0.2527868457017924
2018 0.23390577953113784
2019 0.20125434581620835
2020 0.17807059385156992
2021 0.14748016612894405
2022 0.18218420126416832
2023 0.16753298267518646
2024 0.1637285538969243
2025 0.13942262332113362
2026 0.15346961043036067
2027 0.14243332724154545
2028 0.16840454007147335
2029 0.2151110908169742
2030 0.22331138960935257
2031 0.21766685055656912
2032 0.20903334831089362
2033 0.2770663865134815
2034 0.300639899718854
2035 0.2821896221800421
2036 0.25538643961288454
2037 0.25494631003008555
2038 0.22904984912662554
2039 0.18243591005546272
2040 0.14880116076461208
2041 0.1766455844742657
2042 0.19338766408284538
2043 0.17564878461820999
2044 0.18501657659423962
2045 0.12275699522697778
2046 0.17671289027182852
2047 0.17531249875695495
2048 0.17306122201665305
2049 0.11700676174897229
2050 0.1731099683598754
2051 0.18916605115773122
2052 0.18595158194241987
2053 0.12482800553960798
2054 0.14013626522758763
2055 0.15390607148137686
2056 0.1830804770533041
2057 0.06356800765794429
2058 0.12670553584079544
2059 0.14953802378173872
2060 0.1438783984219372
2061 0.1527019859476454
2062 0.14825999909740134
2063 0.13720667392486996
2064 0.12783299296831954
2065 0.09517686821623784
2066 0.14851173092474343
2067 0.1557952315049924
2068 0.16841594404063956
2069 0.16891642577008764
2070 0.16235147764834404
2071 0.15085248489879707
2072 0.1386747494314005
2073 0.16354571548241
2074 0.12498111382078618
2075 0.1292378122077584
2076 0.11169234723100062
2077 0.07017863693823737
2078 0.13497990758707754
2079 0.15247954604844552
2080 0.16191052095554045
2081 0.07389792177454697
2082 0.1343676909230122
2083 0.15249171781824042
2084 0.16592327880187058
2085 0.09423639636850055
2086 0.13033156423554446
2087 0.1318773303885584
2088 0.11930570415497889
2089 0.2990038514755077
2090 0.26968450091411034
2091 0.24773196681351983
2092 0.1752890434563059
2093 0.22771561504418494
2094 0.20901500795882813
2095 0.20110491817231071
2096 0.1702142187483205
2097 0.20105860047057586
2098 0.2237905085135786
2099 0.1979942296569138
2100 0.17372133760412112
2101 0.19170253288439545
2102 0.21140714098248398
2103 0.20305801480600752
2104 0.19610257543490126
2105 0.18965399483726805
2106 0.23795446113492535
2107 0.2247564759493653
2108 0.19222402314684373
2109 0.1237105361441217
2110 0.15158829117070846
2111 0.1444545355215286
2112 0.13773944167559446
2113 0.17664590469132269
2114 0.2494950797185026
2115 0.2543374301318505
2116 0.1984273691011092
2117 0.19380690636858658
2118 0.280644768834845
2119 0.23066416150570207
2120 0.16790615434186387
2121 0.4049686995737897
2122 0.5132816839437371
2123 0.45251344364637464
2124 0.3597008310791912
2125 0.21104886175935786
2126 0.23043015345691711
2127 0.18130433870655585
2128 0.11613144918546982
2129 0.4022103623902319
2130 0.29980646926460336
2131 0.2322692697192733
2132 0.14612877884346495
2133 0.27188854595903134
2134 0.22641933209561974
2135 0.1915799485391375
2136 0.13245863610353245
2137 0.25795254360947745
2138 0.2591513088839151
2139 0.2340938173268304
2140 0.20127966461617852
2141 0.29726977887347433
2142 0.29473047232387606
2143 0.2755118238044567
2144 0.18935243776060925
2145 0.2880236291711945
2146 0.23473936043551136
2147 0.18788988280624586
2148 0.1100747084966577
2149 0.1337727681423448
2150 0.07386163319708425
2151 0.07443049839485916
2152 0.07901431195135997
2153 0.09759632160928457
2154 0.08895328176393118
2155 0.07809851953289605
2156 0.08608876601908087
2157 0.18406098847024924
2158 0.25228919332836125
2159 0.22902266143692077
2160 0.2054412489735633
2161 0.1504840847500621
2162 0.2102080308209844
2163 0.1902966235660385
2164 0.17371974083358865
2165 0.1103594193445964
2166 0.13892451365182215
2167 0.15409022983605627
2168 0.13638228127290172
2169 0.09336259991204925
2170 0.11647527865805866
2171 0.1372668777005125
2172 0.13603391914269092
2173 0.1291188918833753
2174 0.1349452019896847
2175 0.12779563314172954
2176 0.10794291563113471
2177 0.11247438062047552
2178 0.14889739628119691
2179 0.12564007704505917
2180 0.1394847676035989
2181 0.09343995755411565
2182 0.11110753770780758
2183 0.10669073596583664
2184 0.09324479114049296
2185 0.12221329381456478
2186 0.1006129307546325
2187 0.10015506058471553
2188 0.07761197877287818
2189 0.21830704862437353
2190 0.2114590788509451
2191 0.1792123752100061
2192 0.12025259938413851
2193 0.2699660482600846
2194 0.260410769258824
2195 0.22126373981482086
2196 0.13916697932790228
2197 0.25623654677211194
2198 0.272687487869346
2199 0.23347063136610405
2200 0.17819841237606937
2201 0.9764460262742579
2202 0.9795919429750786
2203 0.9766308472727264
2204 0.9551027376064856
2205 0.989602416097567
2206 0.9801556549728935
2207 0.9709941494056037
2208 0.9276609533947325
2209 0.9237260689803407
2210 0.9271257805033727
2211 0.8805755656971372
2212 0.7576773720883316
2213 0.6508422003802558
2214 0.6890644899597546
2215 0.5281882578908877
2216 0.2735151446861671
2217 0.8821843382189561
2218 0.8909060176094071
2219 0.8637929490209345
2220 0.7904553858166974
2221 0.8706724163086326
2222 0.8669227010793954
2223 0.8512175753012715
2224 0.8103523879104654
2225 0.5685203335146266
2226 0.45779756637994495
2227 0.32145735519659807
2228 0.15581456862768217
2229 0.8395968260269848
2230 0.843618993143692
2231 0.8117160563718954
2232 0.7220492322647025
2233 0.7225355311066889
2234 0.5852300163713143
2235 0.36669300962223744
2236 0.07564033141533456
2237 0.28458587075941044
2238 0.12021017264060825
2239 0.13105492245121017
2240 0.36398187963086426
2241 0.25270514212461415
2242 0.4375333133023259
2243 0.5007079409467617
2244 0.5116221807146938
2245 0.0963627077755795
2246 0.18522294248670879
2247 0.33440697818859355
2248 0.4660136547076912
2249 0.2637351408378924
2250 0.3586143326732195
2251 0.4516205563516547
2252 0.5582732875680063
2253 0.37152526668608127
2254 0.5448965207444351
2255 0.6132945027077991
2256 0.6518866641298632
2257 0.7044381620632039
2258 0.7024984339420409
2259 0.7166392529262336
2260 0.6508387918725903
2261 0.8926432160116723
2262 0.9132309225521096
2263 0.918144924049702
2264 0.9202571742657768
2265 0.8928862391905865
2266 0.9077027116692955
2267 0.9183070907260835
2268 0.9182482197445011
2269 0.899506860867015
2270 0.9191362367623196
2271 0.9200436890097612
2272 0.9197379794285264
2273 0.6907053445845723
2274 0.9022828846073028
2275 0.904348675000281
2276 0.9045674888493146
2277 0.8694962817893859
2278 0.9227436966725964
2279 0.9252561753131056
2280 0.9241023377164532
2281 0.9128955356825119
2282 0.9134325988765032
2283 0.9130788105646249
2284 0.9138427662386327
2285 0.916378506226646
2286 0.9176904490026979
2287 0.9179681816525079
2288 0.9185242210138876
2289 0.9179137911622943
2290 0.9193715355942097
2291 0.9212507813317045
2292 0.9176743631502369
2293 0.9092710206313049
2294 0.9043636790982948
2295 0.8994848045272684
2296 0.845358160541935
2297 0.8870565986040131
2298 0.8863828080999608
2299 0.8875642058655787
2300 0.8819606127820298
2301 0.9111609308441638
2302 0.9119402981103886
2303 0.9117776160984153
2304 0.9111187054338513
2305 0.9070264218919962
2306 0.879658165949308
2307 0.7130476372300462
2308 0.906564998654242
2309 0.9072389112724323
2310 0.9082365449829249
2311 0.9080479021725527
2312 0.9060060800880336
2313 0.9070696442011524
2314 0.9088377715773536
2315 0.9078681181235537
2316 0.9055791912333999
2317 0.8308860435409811
2318 0.9110085907658519
2319 0.9188288509508495
2320 0.9119613616096053
2321 0.9156606061183119
2322 0.8776687912540454
2323 0.7195256812986452
2324 0.8777627230295103
2325 0.9103762358776298
2326 0.9237250769126434
2327 0.9229864124743185
2328 0.9218226554543922
2329 0.916488698849536
2330 0.9164699629466124
2331 0.9165651053385058
2332 0.9166897894797976
2333 0.9162945747668563
2334 0.9170075272777067
2335 0.9175203040509913
2336 0.9172633766178544
2337 0.8958653253623498
2338 0.3125846599195763
2339 0.1078770285169306
2340 0.6480549195585292
2341 0.9112870186797115
2342 0.7952712344235499
2343 0.6659224584949942
2344 0.8905346649113812
2345 0.9118412144229487
2346 0.9128395292094041
2347 0.9128291229076653
2348 0.9120765703095476
2349 0.9063349142009918
2350 0.8995980323475115
2351 0.8950262489008446
2352 0.8638977320190214
2353 0.9200453174884521
2354 0.9183411469183126
2355 0.9176469172049815
2356 0.916632351392923
2357 0.8317318763860826
2358 0.7836678792006561
2359 0.86955319728012
2360 0.8349104006808222
2361 0.6214950220032358
2362 0.9153092410382921
2363 0.9152498487515937
2364 0.9134222483575776
2365 0.913231063561448
2366 0.8986285780022587
2367 0.6114802445705932
2368 0.8695724157274823
2369 0.9122120382963746
2370 0.9111374776235428
2371 0.9096396916119185
2372 0.9039719719362853
2373 0.9146004138117586
2374 0.9156254669608055
2375 0.915382372474799
2376 0.9147328844263386
2377 0.9160104475813021
2378 0.9157157435532362
2379 0.9137038049054464
2380 0.9021606833426772
2381 0.878528141122967
2382 0.8853688726165393
2383 0.8881022713054206
2384 0.8900669590534079
2385 0.8683205075167536
2386 0.8734931072571538
2387 0.864427750511744
2388 0.8622848801359279
2389 0.9028869598034853
2390 0.8597014396863842
2391 0.8545225484997392
2392 0.6822368579715298
2393 0.9164993780870672
2394 0.9153980746968168
2395 0.9141372452692501
2396 0.9074668840666477
2397 0.9129163958584564
2398 0.9134747610298393
2399 0.9132077913317129
2400 0.912074192556065
2401 0.8864871995004554
2402 0.8834048086019216
2403 0.8350760585112251
2404 0.6795783182840825
2405 0.9130672055878789
2406 0.9121072379884564
2407 0.9114284468382579
2408 0.9067076007055941
2409 0.914376560074374
2410 0.9134699812978648
2411 0.9126990668841094
2412 0.9094146679552345
2413 0.5570195557710986
2414 0.9126635797367492
2415 0.9125583199187833
2416 0.9115827271077884
2417 0.9132013514869295
2418 0.6790771829940754
2419 0.89492560614564
2420 0.9067246265649084
2421 0.9109102264903574
2422 0.9142656680324072
2423 0.91414217802178
2424 0.91358325083112
2425 0.9137718667724665
2426 0.9129758128246737
2427 0.9106212015213669
2428 0.9040336893784856
2429 0.91376253208813
2430 0.9146710818740589
2431 0.9145621079008557
2432 0.9142562439901553
2433 0.9142670967611769
2434 0.9094135186682083
2435 0.8705114880680114
2436 0.8149961109010128
2437 0.9122937741994641
2438 0.9142063980187043
2439 0.9141902138683978
2440 0.9136544536815377
2441 0.9131588282037203
2442 0.8956002614139682
2443 0.9096721463698139
2444 0.9108018421132633
2445 0.9069479095020584
2446 0.9142536784905326
2447 0.9141188220349509
2448 0.9137029281856542
2449 0.9148677249249938
2450 0.914792720463322
2451 0.9144723411334309
2452 0.9130097551055849
2453 0.910774226427088
2454 0.9145125863222068
2455 0.9143451047887031
2456 0.9139672096618415
2457 0.9143613182678224
2458 0.9078104342282243
2459 0.7781734621050442
2460 0.8818029876489416
2461 0.8956745976288901
2462 0.8863616375754755
2463 0.8033990485566326
2464 0.7278011103633564
2465 0.9139267775965927
2466 0.9147279719727959
2467 0.9147328002144639
2468 0.9144168698408243
2469 0.9121409678178402
2470 0.9140630093174421
2471 0.9134550666471808
2472 0.9124948222911903
2473 0.716417797921708
2474 0.9125069379934677
2475 0.9126286120161382
2476 0.9122325811535232
2477 0.9152361047025633
2478 0.9158135853642818
2479 0.9153680382162753
2480 0.9148091782751181
2481 0.8908049963168622
2482 0.9104617246638949
2483 0.9119759831134849
2484 0.9118415609499629
2485 0.9136500183425443
2486 0.9143187545925063
2487 0.9141873842387969
2488 0.9139124592891056
2489 0.9140574519642881
2490 0.9146934712029815
2491 0.9145462121224788
2492 0.9143641526202595
2493 0.9142844728246882
2494 0.9142759927501507
2495 0.9133459612381144
2496 0.9113293803246441
2497 0.913661353243464
2498 0.9123306265811153
2499 0.9089998312904487
2500 0.890482994724578
2501 0.8668050830170657
2502 0.9056647376068665
2503 0.9034836465162686
2504 0.8980094138425602
2505 0.9129090253844556
2506 0.9146815080073706
2507 0.9145295437111103
2508 0.9141484280564868
2509 0.9143124119051983
2510 0.914290261228345
2511 0.9138533571845949
2512 0.912304313220941
2513 0.9142445219603581
2514 0.9146974265675376
2515 0.9146570374206685
2516 0.9143155743562565
2517 0.9138953432775652
2518 0.5260500681873767
2519 0.8966505148942174
2520 0.9074644704917855
2521 0.9111045981504882
2522 0.9134107091823134
2523 0.9128639186440527
2524 0.9109877891764389
2525 0.9111576266824388
2526 0.9124834545454993
2527 0.9119808045182386
2528 0.9092985985955252
2529 0.9139505936272351
2530 0.9147133091773977
2531 0.9146063523198357
2532 0.9139000566400239
2533 0.9130419132082114
2534 0.6229889038646151
2535 0.9017092659306867
2536 0.9079301542955971
2537 0.6273696422684834
2538 0.9138239399361417
2539 0.9135587806368164
2540 0.9128171512303793
2541 0.9139408681509577
2542 0.9137936976164788
2543 0.9120533387712415
2544 0.9062191591613846
2545 0.9106042125345766
2546 0.9142238862616606
2547 0.9141463144811366
2548 0.9133431282437383
2549 0.9147281836631125
2550 0.9147650623464149
2551 0.9147305467107075
2552 0.9144446546458299
2553 0.9145741792450534
2554 0.8951050806211923
2555 0.8506896714275957
2556 0.9017069593097866
2557 0.9141614904587166
2558 0.8944459297349134
2559 0.4832368695698746
2560 0.8865184822248804
2561 0.7786764880395455
2562 0.913564841150344
2563 0.9138390191000971
2564 0.9134990306736004
2565 0.9147884553525494
2566 0.9144473962579122
2567 0.9141378771011052
2568 0.9125881433967468
2569 0.9137733093951416
2570 0.9144746755908615
2571 0.914075484826432
2572 0.9134603941700845
2573 0.886738792158551
2574 0.9134809181971091
2575 0.9131353084695406
2576 0.9128363106522789
2577 0.9074648091107798
2578 0.895465909336938
2579 0.8697065138528896
2580 0.8573836867447467
2581 0.9102151334750231
2582 0.9139644333180996
2583 0.9141759923421809
2584 0.9134520141441788
2585 0.9145030668148117
2586 0.9132017379587196
2587 0.9036078243704316
2588 0.8291119804519976
2589 0.9118338780004664
2590 0.9144005311539176
2591 0.9143295405373303
2592 0.9139751967379054
2593 0.8875788249169583
2594 0.7092226692672692
2595 0.7813463176026703
2596 0.39518236117105565
2597 0.9139600372387944
2598 0.914657199631899
2599 0.9146007264650353
2600 0.9144048335119709
2601 0.9149351369675164
2602 0.9149144661109901
2603 0.9148248447418394
2604 0.9142922892438953
2605 0.8805800020924374
2606 0.9074615312760145
2607 0.909237066980854
2608 0.910190254292976
2609 0.9017924548277111
2610 0.8971360028898024
2611 0.8979073076316808
2612 0.8969332604216055
2613 0.910196283473664
2614 0.9098684763393087
2615 0.9088499733203118
2616 0.9026977288693834
2617 0.8961600856992662
2618 0.8638500749490867
2619 0.7771040233817704
2620 0.6274606977730393
2621 0.9122466849762653
2622 0.9133877994543279
2623 0.9134771624743968
2624 0.9134062842425106
2625 0.9152482708163364
2626 0.9145796226801479
2627 0.9134270872264789
2628 0.9105256739836219
2629 0.8890815320768136
2630 0.9092734295719965
2631 0.9115480561005704
2632 0.9120698825622799
2633 0.9140516567148559
2634 0.9146987091441438
2635 0.9147289973784235
2636 0.9144933560469596
2637 0.9141042198934956
2638 0.9144696493913391
2639 0.9145372170482141
2640 0.914581734717084
2641 0.9142377116040403
2642 0.9148696938664873
2643 0.9146000096582865
2644 0.9137086277091038
2645 0.6333782880057534
2646 0.8570511566710876
2647 0.10526470320662316
2648 0.7744264676595406
2649 0.7974870011025443
2650 0.5092417249348096
2651 0.3565436835975427
2652 0.10307533536031575
2653 0.9133042586446349
2654 0.9145064571661125
2655 0.9139452461314274
2656 0.9127138341701778
2657 0.9150136613678258
2658 0.9154920508439687
2659 0.9154683504277197
2660 0.9149999068292224
2661 0.9161836278276728
2662 0.9158950772671525
2663 0.9158145128072892
2664 0.9154615107285904
2665 0.9160427052598986
2666 0.9162037729663547
2667 0.9159273000403447
2668 0.9152725938689702
2669 0.877172685369492
2670 0.9180700734484659
2671 0.9178502288843298
2672 0.9163157692400935
2673 0.9181616011088928
2674 0.9172990861433132
2675 0.9161660595680163
2676 0.912566756693624
2677 0.91619040060539
2678 0.9127521425815336
2679 0.9101128283162491
2680 0.8971691305290311
2681 0.9134707576845572
2682 0.9145793230465189
2683 0.914719913790726
2684 0.9144085510972066
2685 0.911130091447756
2686 0.8715641533939101
2687 0.899345329817229
2688 0.9083412354385478
2689 0.9112582730580089
2690 0.9130856296395967
2691 0.9134535014730283
2692 0.9138725587691499
2693 0.913146978161395
2694 0.9138084373912022
2695 0.914060828667223
2696 0.9142371408452077
2697 0.9111763900697303
2698 0.9120622418394383
2699 0.9127033195625599
2700 0.9130547473404378
2701 0.8927824829652302
2702 0.9147739545675302
2703 0.915483821086096
2704 0.9148656029295729
2705 0.9183465978104455
2706 0.9197774703739894
2707 0.9188289906480067
2708 0.9162024796974074
2709 0.9112641178513424
2710 0.9196068972320602
2711 0.9181390026586598
2712 0.9158967024731405
2713 0.9141083415174646
2714 0.9141901824292914
2715 0.9141177402628888
2716 0.9135461396275756
2717 0.9128608151519841
2718 0.8526168959397493
2719 0.8465927492023458
2720 0.906866902413744
2721 0.8930138658416434
2722 0.9057877251632226
2723 0.9086024107573981
2724 0.9089711582413345
2725 0.9013351562324136
2726 0.9082917402056031
2727 0.9127255795627444
2728 0.9130701815244966
2729 0.9139194254236577
2730 0.9139451885303294
2731 0.9139147544526491
2732 0.9129352020710609
2733 0.8775046664977971
2734 0.9137971851797605
2735 0.9137246766713806
2736 0.9120595311159675
2737 0.8861316201902512
2738 0.9142671078859343
2739 0.9142330730776893
2740 0.9142276998331769
2741 0.9142432702732389
2742 0.9149002393583674
2743 0.9148944448027949
2744 0.9141721934032642
2745 0.9137894207350475
2746 0.9149764901006677
2747 0.915003728255239
2748 0.9150472355136428
2749 0.9151216096261727
2750 0.9153047108522911
2751 0.9155363807167182
2752 0.9156230223712527
2753 0.9110914817869248
2754 0.8898761444885889
2755 0.6582753300152848
2756 0.8736919459072672
2757 0.9120128504519955
2758 0.9119091231547187
2759 0.9079302663817089
2760 0.8993085771245565
2761 0.9096725098676219
2762 0.912498205489449
2763 0.912484699637049
2764 0.9117733876086408
2765 0.9109154694374886
2766 0.9091124720195775
2767 0.9072449320096673
2768 0.9033914229101161
2769 0.9092077487494992
2770 0.9087354148265705
2771 0.9074510320137376
2772 0.9016058804514784
2773 0.8715420466764989
2774 0.8748176072864042
2775 0.86957193226246
2776 0.8516164055000361
2777 0.9091035178029367
2778 0.9152209199915203
2779 0.9153847337184492
2780 0.9153521577391208
2781 0.911528018196955
2782 0.9102961363957576
2783 0.908477918489769
2784 0.903374996886691
2785 0.9390216498184709
2786 0.9338320593631131
2787 0.9332328651081855
2788 0.9304149862786649
2789 0.836189767336027
2790 0.7205271647182208
2791 0.6555381088485496
2792 0.5884181814763452
2793 0.9415717654897339
2794 0.94288881603301
2795 0.9487794039557188
2796 0.9491810299751341
2797 0.9547465934701773
2798 0.9642325664919018
2799 0.9633160402838672
2800 0.9615473340276735
2801 0.8945781147310106
2802 0.6835128939328406
2803 0.607185855149613
2804 0.5347019127780648
2805 0.7311745990322502
2806 0.9544497936808019
2807 0.9616171691584235
2808 0.9613908298486801
2809 0.6562921109980734
2810 0.4643990035867556
2811 0.4045334725687684
2812 0.34427369587045187
2813 0.15602615392252717
2814 0.14566030652111936
2815 0.1482031078070188
2816 0.14579217874627912
2817 0.1638452044364551
2818 0.14989611936739025
2819 0.2689212374534485
2820 0.5117580447990142
2821 0.5577547922548522
2822 0.8698789707535504
2823 0.8871523468571819
2824 0.902066184443665
2825 0.9606049915099723
2826 0.9625021751447926
2827 0.9621002332995543
2828 0.9596750031035876
2829 0.9471681594689196
2830 0.9454366439637856
2831 0.9436512723666396
2832 0.9406618573192708
2833 0.9382613619671919
2834 0.8917160764214466
2835 0.16662687707945817
2836 0.9443695253023886
2837 0.9356189883398198
2838 0.9342795729668834
2839 0.9308777008035001
2840 0.920947776636738
2841 0.9355817948972512
2842 0.9354099995355406
2843 0.9303045517486349
2844 0.9200440862454212
2845 0.7680277461759689
2846 0.9087938922805624
2847 0.945004580856054
2848 0.9479743193772024
2849 0.9524128729863749
2850 0.911148615460474
2851 0.16635405562884426
2852 0.759906635644401
2853 0.9286078498328362
2854 0.9509343864838509
2855 0.9526265949611481
2856 0.9532955408143929
2857 0.9484449603602565
2858 0.9482726857733622
2859 0.9488234580290461
2860 0.9495269352626536
2861 0.9481962057339826
2862 0.9499525544806134
2863 0.9516378699374243
2864 0.9534421145149914
2865 0.9420064758211378
2866 0.8272257423364943
2867 0.7554177713187559
2868 0.43231262338651033
2869 0.954000700681307
2870 0.9065911166561789
2871 0.24432083308009497
2872 0.8094205972050288
2873 0.9321241338099003
2874 0.9353437733124236
2875 0.935212767359082
2876 0.9332289000933212
2877 0.9386829261553122
2878 0.9302410302920429
2879 0.9169838907126154
2880 0.8232747289404716
2881 0.9514142452110758
2882 0.9505431393235402
2883 0.9508060882532771
2884 0.9509477314594332
2885 0.8818402290551396
2886 0.44842882378367765
2887 0.7620700412903393
2888 0.6079943340399326
2889 0.15673949615860724
2890 0.9534469471464148
2891 0.9527281891180517
2892 0.9516945479131743
2893 0.9521789492924873
2894 0.9507214060855225
2895 0.8282724028287242
2896 0.7232332027725117
2897 0.9293196965418459
2898 0.9259959632423947
2899 0.9221266683456383
2900 0.9080236037576759
2901 0.9512694331251378
2902 0.9491414664421766
2903 0.9492330037255929
2904 0.9493010043585741
2905 0.9496964777908364
2906 0.9503153327827566
2907 0.9501367309263195
2908 0.9431291453884645
2909 0.9210963970173581
2910 0.9241156471262294
2911 0.9210170059822409
2912 0.9125593056266634
2913 0.9195903617034841
2914 0.919749293735514
2915 0.904992216887473
2916 0.8855906401876851
2917 0.9285506400567914
2918 0.9081281479366554
2919 0.9101420916961698
2920 0.8372108674280715
2921 0.9490208805387167
2922 0.9490388191273654
2923 0.9492802852879022
2924 0.945960621376881
2925 0.9506376945553665
2926 0.9515961054851834
2927 0.9528151642343468
2928 0.9533324260011491
2929 0.9391470828824611
2930 0.939683731294145
2931 0.9153870932151583
2932 0.84319691422542
2933 0.9263046529686958
2934 0.9236991956058723
2935 0.9227167464813171
2936 0.9128933536595082
2937 0.9373812476276943
2938 0.934918532489976
2939 0.9326442979754321
2940 0.9255977368250309
2941 0.21513419019679206
2942 0.9483700715360993
2943 0.9480441525019293
2944 0.9471276367288324
2945 0.9466261114254644
2946 0.23007792874714705
2947 0.8857326444682787
2948 0.9202507469963579
2949 0.9331177416372772
2950 0.9394884927886312
2951 0.9388982823271445
2952 0.9380830407067167
2953 0.9385354174177356
2954 0.9362079926490692
2955 0.931435297167708
2956 0.920960498241183
2957 0.9392495493650816
2958 0.9415429121577752
2959 0.9410126775016205
2960 0.9399354337711011
2961 0.9413973240065735
2962 0.9280061670503661
2963 0.8505197739005744
2964 0.8772844064307369
2965 0.9459460367747264
2966 0.9466406634817763
2967 0.9465780909351549
2968 0.9464747276143258
2969 0.946053302379359
2970 0.8953552501753903
2971 0.9278110932791981
2972 0.9324970290615678
2973 0.9424857248354945
2974 0.9465670711709815
2975 0.946658760139133
2976 0.9462215633912873
2977 0.9455837657051354
2978 0.945959408388022
2979 0.946123705749735
2980 0.9457729386055912
2981 0.9335012307618921
2982 0.9412201241531937
2983 0.9412153141326564
2984 0.940383567766245
2985 0.9419989635861488
2986 0.9287750275460807
2987 0.8188503244102172
2988 0.9182895694240616
2989 0.9062240792122376
2990 0.887780183935137
2991 0.7465856820036296
2992 0.5995818559293139
2993 0.9403082469961398
2994 0.942318300563627
2995 0.9419495713014864
2996 0.9415071145705977
2997 0.9386550848353271
2998 0.9407598599710962
2999 0.9385459184039229
3000 0.9359012838503131
3001 0.6934553389147572
3002 0.9341704798295569
3003 0.9350446546217744
3004 0.9359359294140913
3005 0.938263302119271
3006 0.9414144715413121
3007 0.9413392297338649
3008 0.940365668569556
3009 0.908643713433183
3010 0.9463385663171597
3011 0.9460188806315342
3012 0.9456074881047218
3013 0.9450385865183648
3014 0.9455824582821507
3015 0.9458612494636863
3016 0.9458998795961121
3017 0.9453753124348203
3018 0.9455903170562814
3019 0.9457580680334612
3020 0.9455670559688205
3021 0.945418943788305
3022 0.94589671493707
3023 0.9461325058401839
3024 0.9449337159950288
3025 0.9457085644709586
3026 0.9449642292957641
3027 0.9421711442178815
3028 0.9261316825562182
3029 0.8986369433914642
3030 0.9282363351858608
3031 0.9242986188250165
3032 0.9174510666429425
3033 0.9406680570519691
3034 0.9428251177854214
3035 0.9426953423185898
3036 0.9419856767897318
3037 0.9426399284609084
3038 0.9419641398669967
3039 0.9407107976502195
3040 0.9379290275138741
3041 0.9426976938383547
3042 0.9433904645100893
3043 0.9430997894983872
3044 0.9426150011490269
3045 0.9410113157331512
3046 0.8745797167626633
3047 0.9378407397241785
3048 0.9419186701952043
3049 0.9428007049880384
3050 0.9451419023374543
3051 0.9450261360584596
3052 0.944070262352447
3053 0.9430496836325671
3054 0.9450659625885514
3055 0.9447142828630022
3056 0.9437773103791883
3057 0.9445646833049183
3058 0.9452285944498255
3059 0.945388885736612
3060 0.9452869643863957
3061 0.9445427221733077
3062 0.7359505793110743
3063 0.9218414927986744
3064 0.932436655732508
3065 0.7573403539180958
3066 0.9451252986267136
3067 0.9452329351043299
3068 0.944416574748154
3069 0.9453502952860249
3070 0.9454554235646284
3071 0.9451819226974104
3072 0.9407596769297565
3073 0.9435023771036868
3074 0.9454790949284388
3075 0.9452198705114568
3076 0.9445076509328827
3077 0.9452401637005475
3078 0.9451887326547643
3079 0.9451219606603578
3080 0.9451102209413578
3081 0.9453167723149317
3082 0.9233456248474228
3083 0.8846791231890646
3084 0.9265786163558284
3085 0.941932706833572
3086 0.9262746984958248
3087 0.5692800610285663
3088 0.9032061696305265
3089 0.8806905335996322
3090 0.9415732597827592
3091 0.9416804723993493
3092 0.9414565565763346
3093 0.9433220117121446
3094 0.9430591024335092
3095 0.9423435097479211
3096 0.9405271874804922
3097 0.9420394766818898
3098 0.9427825233342901
3099 0.9420465964039231
3100 0.9406132834823984
3101 0.8478211268529233
3102 0.9396516110249393
3103 0.9398937011752496
3104 0.9392983188259542
3105 0.9301962775054775
3106 0.8958183647213359
3107 0.8331567529175608
3108 0.8192954061939418
3109 0.9367219151368151
3110 0.9422356722620802
3111 0.9419959216296091
3112 0.941491454069858
3113 0.9432222030878824
3114 0.9390304102079478
3115 0.9061760893615239
3116 0.9164613902000929
3117 0.9435416812127521
3118 0.9449690207524305
3119 0.9450222866763462
3120 0.944614310579747
3121 0.9247290769404656
3122 0.558420554817226
3123 0.7112396283357243
3124 0.14062096530363502
3125 0.9445108569004113
3126 0.9451680193400849
3127 0.9450493797950051
3128 0.944969351574391
3129 0.9448597574316947
3130 0.9449435203438232
3131 0.9449599515826016
3132 0.9444726691748516
3133 0.9299028930571053
3134 0.9421260802310625
3135 0.9423601627148308
3136 0.9422124178103871
3137 0.9398496784337836
3138 0.9378263393466408
3139 0.9365844624699525
3140 0.9334697849933253
3141 0.9414630593508012
3142 0.9404221089168837
3143 0.9382983100888841
3144 0.9295525957875302
3145 0.906683322792841
3146 0.795937256885055
3147 0.42948479605164747
3148 0.19887812837560426
3149 0.9470381325691208
3150 0.9467746337891867
3151 0.9464842630981671
3152 0.9462993840281629
3153 0.9474175091113284
3154 0.9476038931732274
3155 0.9469698062602523
3156 0.9451631585548781
3157 0.9140018165292082
3158 0.9391589000849169
3159 0.9406243869428043
3160 0.9412778041488935
3161 0.9427697288346217
3162 0.9435841115019504
3163 0.9434679134447342
3164 0.943314616771295
3165 0.9433200051306025
3166 0.9434885413107073
3167 0.9433238067441188
3168 0.9431633945081281
3169 0.9391573996385159
3170 0.9383778462194438
3171 0.9373777477613089
3172 0.9353084753029424
3173 0.7462995018549948
3174 0.8769229008342762
3175 0.41904475895974125
3176 0.7775457491304135
3177 0.8167689973232996
3178 0.49534590877470525
3179 0.4028347923538418
3180 0.2206135658382342
3181 0.9443880996780439
3182 0.9449409214318009
3183 0.9448935695809731
3184 0.9437628132374559
3185 0.9438400748883758
3186 0.9445619591179657
3187 0.9446394747078302
3188 0.9442243397677252
3189 0.9445137445882295
3190 0.9446466335472311
3191 0.9445779749804324
3192 0.9443407543635981
3193 0.9439214235803332
3194 0.9437070858512461
3195 0.9434993339376293
3196 0.943125245483908
3197 0.9037023650457116
3198 0.941273903912014
3199 0.9425734509497523
3200 0.9423296665035045
3201 0.9452446409798095
3202 0.9445029311397449
3203 0.9440849090582772
3204 0.9403442859183988
3205 0.9479726501902469
3206 0.9451241341201576
3207 0.9434676728330756
3208 0.931447411492881
3209 0.9477730565318997
3210 0.9473581780884611
3211 0.9469865412036956
3212 0.9463170374546713
3213 0.9422849688998529
3214 0.9059128873214104
3215 0.9276582483478131
3216 0.9356074206264915
3217 0.9411484292134491
3218 0.9426597244905635
3219 0.9428752992053316
3220 0.9429082901022336
3221 0.9428915511312727
3222 0.9432919814442403
3223 0.9433247032390906
3224 0.9433342320988796
3225 0.9427370684819664
3226 0.9431844175129729
3227 0.9432833419692305
3228 0.9432796007698875
3229 0.9242007469170234
3230 0.9429430560846985
3231 0.9449942620330738
3232 0.9441325008797439
3233 0.9441615594550656
3234 0.9448912241563409
3235 0.9440217938432406
3236 0.9421898488008574
3237 0.9275791457036059
3238 0.9447004537094289
3239 0.9446156686281678
3240 0.9437164036449961
3241 0.9464139677332732
3242 0.9460446540494915
3243 0.9456291524907212
3244 0.9451482563693541
3245 0.9467387774871212
3246 0.9203585883236006
3247 0.7451104605858507
3248 0.9226303340448229
3249 0.8778965194093891
3250 0.9453103597375437
3251 0.946006840784806
3252 0.9438899586542523
3253 0.9436590395853467
3254 0.925580177703409
3255 0.9354847688235327
3256 0.9386162834890638
3257 0.9433257517561517
3258 0.943398259883742
3259 0.9432450121678257
3260 0.9417195992347751
3261 0.9191102829289395
3262 0.9423792743131865
3263 0.9424322174594045
3264 0.9413195117734645
3265 0.9099544179170916
3266 0.9421702333365517
3267 0.9425949419327508
3268 0.9422969404098064
3269 0.9422244249887414
3270 0.9423132840201227
3271 0.9419846948469427
3272 0.9415561710611325
3273 0.940931924312186
3274 0.9433427866507533
3275 0.9434896276075814
3276 0.9435458530954741
3277 0.9428492447922406
3278 0.9435511459874877
3279 0.9436573991628532
3280 0.9437750298163419
3281 0.9424109215207247
3282 0.9172072632519944
3283 0.09334399570392554
3284 0.9139843467397979
3285 0.9419924277231556
3286 0.9422201776255654
3287 0.9395017577916845
3288 0.9345759615210779
3289 0.9417307260415227
3290 0.9436637221864318
3291 0.9434425649537428
3292 0.9426569090425791
3293 0.9464867055025932
3294 0.9464586000147579
3295 0.9449960928139635
3296 0.9414839007494641
3297 0.9420429549376822
3298 0.9410209199727227
3299 0.939774519831681
3300 0.9329047411913716
3301 0.8709612021846876
3302 0.8772408709980327
3303 0.8796746713673378
3304 0.8492855973615865
3305 0.9336507259567657
3306 0.9410880800883975
3307 0.9418117864729685
3308 0.9423331962063382
3309 0.9399366963894559
3310 0.9388679444299114
3311 0.9368422014584021
3312 0.9319357951415749
3313 0.9377992030715695
3314 0.9417821877784407
3315 0.9424665028437335
3316 0.9429678852993766
3317 0.9374691372999286
3318 0.9224402257314066
3319 0.9044856711537597
3320 0.8678557058746648
3321 0.9372607965453811
3322 0.9402794833385901
3323 0.9388732716337946
3324 0.9353670205125918
3325 0.9393746642975915
3326 0.9369421426742867
3327 0.9342878531331397
3328 0.9321417041080103
3329 0.9403264803615148
3330 0.9072533830313319
3331 0.8869530159604305
3332 0.8619925413047722
3333 0.9159711501810954
3334 0.9392907365574563
3335 0.9361209472769964
3336 0.932886284640839
3337 0.7927050683204788
3338 0.6426355674885618
3339 0.5757019449985566
3340 0.5037299713864692
3341 0.3521006326966816
3342 0.28979193838951156
3343 0.3268395372638917
3344 0.3214286415941447
3345 0.22945470895448195
3346 0.3934517769511253
3347 0.5551080561777877
3348 0.7516898925326457
3349 0.8132967699223785
3350 0.9341224974070814
3351 0.9377344076101124
3352 0.9396804228569702
3353 0.9359033989777882
3354 0.932852385001983
3355 0.9313613649799829
3356 0.9284334210073163
3357 0.9205859531817603
3358 0.9203067996139168
3359 0.9197867951548354
3360 0.9186983798466644
3361 0.9153497835588688
3362 0.8817409756332024
3363 0.33226107514994313
3364 0.9203826392430876
3365 0.9154273976425245
3366 0.9155393294883043
3367 0.9143157325821085
3368 0.9104246728532551
3369 0.9154899470760267
3370 0.9163554851388459
3371 0.9141007957831562
3372 0.9098520433179557
3373 0.8092506067474685
3374 0.9022704972602658
3375 0.9244242009536525
3376 0.927487397571218
3377 0.9309278173749734
3378 0.9247716746082261
3379 0.447401870907285
3380 0.7699182074724249
3381 0.9075633213483186
3382 0.9264820392385192
3383 0.9267154666599577
3384 0.9264828629163278
3385 0.924511472853796
3386 0.9240315695513345
3387 0.9238653529984936
3388 0.9238451721563801
3389 0.9233458305275799
3390 0.9240399417865991
3391 0.9246937135473117
3392 0.9246315257250561
3393 0.9138497409668797
3394 0.8684689814404851
3395 0.8393530501176298
3396 0.6469192340513346
3397 0.9303349338484189
3398 0.9093549697200423
3399 0.527690558319959
3400 0.8213425478777909
3401 0.9136214911953575
3402 0.9163118623281151
3403 0.9166705340406696
3404 0.9157929000236117
3405 0.9175876641942747
3406 0.9127463042882096
3407 0.9060680332416907
3408 0.8424345394409731
3409 0.9215065531786257
3410 0.9231598338137478
3411 0.9229389625759594
3412 0.9224947946719424
3413 0.8685091341245816
3414 0.43616937124118715
3415 0.7988122719627916
3416 0.6401956959794844
3417 0.23667916743128775
3418 0.9226286196893546
3419 0.9225119992950963
3420 0.9213516358945113
3421 0.9289854210889069
3422 0.9296396933605325
3423 0.855939061063888
3424 0.7478622631422579
3425 0.9114438430689098
3426 0.9107823381922914
3427 0.9093742981825219
3428 0.8998721860639388
3429 0.9234051525527045
3430 0.9228091396049674
3431 0.9226078708816109
3432 0.9221455864117614
3433 0.9220927430301432
3434 0.9215064610544195
3435 0.9200776260658076
3436 0.9128442251086718
3437 0.9035420106833202
3438 0.9084527935549237
3439 0.9077587903461297
3440 0.9050473652516536
3441 0.9011397091341017
3442 0.9036692506645473
3443 0.8940835946439032
3444 0.8825254596975727
3445 0.899729233209713
3446 0.8824395178352762
3447 0.8852887344032496
3448 0.8254316058454421
3449 0.9228119160459844
3450 0.9218017782581356
3451 0.921178436954104
3452 0.9165436390926752
3453 0.9278507366824423
3454 0.9284393178467324
3455 0.9283397909608807
3456 0.9280199906201698
3457 0.9217325020965108
3458 0.9220215119744848
3459 0.9040805449203396
3460 0.8506607605836197
3461 0.9077455327921421
3462 0.9075178497995852
3463 0.9076484481314195
3464 0.9014314803669112
3465 0.918275835972685
3466 0.9175845345090815
3467 0.9167733848621247
3468 0.9134641333515418
3469 0.7512510388471894
3470 0.9206514097478704
3471 0.9202273786343405
3472 0.9193225010289181
3473 0.9204458655794417
3474 0.38506751583976345
3475 0.8888500138546502
3476 0.908596676961668
3477 0.9158258855112942
3478 0.9196754573224967
3479 0.9195764668319034
3480 0.9188326194501596
3481 0.9180578070692975
3482 0.916471287400161
3483 0.9121890819908982
3484 0.8986179150309127
3485 0.9189768021224334
3486 0.9205296370297172
3487 0.9201959149332026
3488 0.9197956909133571
3489 0.9200017899564219
3490 0.91288181625201
3491 0.8225407019131031
3492 0.8660135920779469
3493 0.9192838746400432
3494 0.9207437805430185
3495 0.9206966009261859
3496 0.9203087615686933
3497 0.9195098003758276
3498 0.8900139926613791
3499 0.9142357455834123
3500 0.9159673216749782
3501 0.9149110919897568
3502 0.9208624681141926
3503 0.9207564139228797
3504 0.9200735851680768
3505 0.9211958451470519
3506 0.9210664717267228
3507 0.920683153759391
3508 0.9192678117285539
3509 0.9145677854672773
3510 0.9203530236348071
3511 0.9201874845636541
3512 0.9199461324789974
3513 0.9200684777618773
3514 0.9144012797419374
3515 0.8245082807677115
3516 0.8872440911636928
3517 0.871253760945039
3518 0.8483119363847552
3519 0.5139183686433536
3520 0.34913819293966714
3521 0.9197105588100296
3522 0.9207424370641373
3523 0.920635828176186
3524 0.9202733269412918
3525 0.9179680370290734
3526 0.9199017291167904
3527 0.9187412628880448
3528 0.9176198098097841
3529 0.625564492707159
3530 0.9166114202856575
3531 0.9170842450112248
3532 0.9176918934759315
3533 0.9187651538669845
3534 0.9203469663724132
3535 0.9201102782248908
3536 0.9199377797026284
3537 0.8477366764327816
3538 0.9202019983264883
3539 0.920172787144865
3540 0.9197620975735156
3541 0.9205762962391772
3542 0.9211070696847465
3543 0.9209518388388962
3544 0.9205664738899481
3545 0.9205292500072519
3546 0.9210447042031286
3547 0.9207446268329448
3548 0.9203572456813998
3549 0.9207851393411981
3550 0.9207585105966679
3551 0.9197492672953266
3552 0.9175955468795385
3553 0.9199181857177332
3554 0.9179231571827621
3555 0.9145140949162913
3556 0.8971041624951273
3557 0.8674170975705274
3558 0.9109895184672967
3559 0.9063602914334524
3560 0.9010087608804411
3561 0.9189094431728143
3562 0.9208611952998919
3563 0.9207101273804165
3564 0.9203159779137384
3565 0.9204056824297736
3566 0.9203790971830009
3567 0.9196590939327429
3568 0.9179765122650961
3569 0.9204520327344387
3570 0.9209302387368506
3571 0.9208994709883919
3572 0.9206041664222354
3573 0.9196384240082986
3574 0.6351465875311721
3575 0.9056679303957396
3576 0.9141693111438477
3577 0.9169259280894683
3578 0.9194523606129732
3579 0.9188341456409334
3580 0.916980353758157
3581 0.9178592426790427
3582 0.9188078424856467
3583 0.9188546095685903
3584 0.9164166353360296
3585 0.9203731610765084
3586 0.921041691497349
3587 0.9207170669429092
3588 0.9200602119504672
3589 0.9196188026893283
3590 0.25761358294576675
3591 0.9034096491327228
3592 0.9132418454976715
3593 0.054676889941303236
3594 0.9202558508471196
3595 0.9198389006261238
3596 0.9189918722326341
3597 0.9207628605821425
3598 0.9199691024068409
3599 0.9186837110881259
3600 0.9129447977503068
3601 0.9172247213540662
3602 0.9201985542677582
3603 0.9199376530567972
3604 0.9189100480610302
3605 0.920968028361484
3606 0.9209942910702228
3607 0.9208983851239707
3608 0.9206065387668568
3609 0.9208888250805655
3610 0.9028242218853596
3611 0.833512908643172
3612 0.9063184756900439
3613 0.9197502219547963
3614 0.8969632319096547
3615 0.5946353093935869
3616 0.8956724924843315
3617 0.7490540045235978
3618 0.9200870817249852
3619 0.9202239704544738
3620 0.9198827992143019
3621 0.9209125742771874
3622 0.9207678376549606
3623 0.9203449117609854
3624 0.9191579275902119
3625 0.9199357977552013
3626 0.9207769700734179
3627 0.9204020218963163
3628 0.9198282382358621
3629 0.8822178182482593
3630 0.9194146588370798
3631 0.9190131780168895
3632 0.918961866181641
3633 0.912396602190834
3634 0.894746053696135
3635 0.857243979731707
3636 0.8401578333377603
3637 0.9155489469201019
3638 0.9200534098593103
3639 0.9202747803839066
3640 0.919744035382979
3641 0.9203967963628857
3642 0.9186514210049402
3643 0.9034007801303044
3644 0.8739723405653833
3645 0.9189952733459821
3646 0.9207584130432894
3647 0.9206780592147094
3648 0.9200117791504299
3649 0.8981846069476672
3650 0.5575985924425545
3651 0.6977967037835949
3652 0.10630597862038325
3653 0.9206163627097848
3654 0.9207865930160678
3655 0.9208793978769412
3656 0.9204653541158002
3657 0.9211977022247873
3658 0.921022680089141
3659 0.9208067885142874
3660 0.9202595918439868
3661 0.9070093433974769
3662 0.9195852987392743
3663 0.9201021334642295
3664 0.9198492522242615
3665 0.9175692366167746
3666 0.9161040446574283
3667 0.9158311862097297
3668 0.9135767038506282
3669 0.9197487578862391
3670 0.9191718623930989
3671 0.9174245297055375
3672 0.9102916050522979
3673 0.909431217647732
3674 0.8750524818295681
3675 0.7731679216635862
3676 0.5881256955562377
3677 0.9243205510840313
3678 0.9237102225106854
3679 0.923364209312704
3680 0.9228875654442129
3681 0.925404390237782
3682 0.9256372361338324
3683 0.9243687583872412
3684 0.9214533897394923
3685 0.9022593574333431
3686 0.9173564544401844
3687 0.918874930488574
3688 0.9192345979672704
3689 0.9199503837290863
3690 0.9206625218216109
3691 0.9208314289953706
3692 0.9207932756542617
3693 0.9212407547108533
3694 0.9214031939098715
3695 0.9213149867620799
3696 0.9213183192075022
3697 0.9160874171099008
3698 0.9158390033319472
3699 0.9149119481266468
3700 0.9137901800618765
3701 0.48301430262294154
3702 0.8127577714984408
3703 0.26905103504670835
3704 0.8440701129282291
3705 0.8268917193649837
3706 0.18209001751888887
3707 0.07691072385415115
3708 0.03421778716969149
3709 0.9200717999651494
3710 0.9210361958570182
3711 0.9204568621082942
3712 0.9191242255028079
3713 0.919125522552792
3714 0.920499246028927
3715 0.920448900404077
3716 0.920102888747987
3717 0.9207275435543744
3718 0.9208657317542851
3719 0.9208317348707238
3720 0.9203322003907499
3721 0.9200374637390483
3722 0.9194621015863982
3723 0.9190982199972606
3724 0.9180917203912852
3725 0.8344693295669684
3726 0.9155975801650904
3727 0.9172861801249793
3728 0.9174853039740749
3729 0.9214300773997991
3730 0.9205289184358854
3731 0.9196809969143628
3732 0.9153482340525336
3733 0.9233937139745088
3734 0.9200936544688957
3735 0.9179281043535247
3736 0.9060057127748599
3737 0.9222890509907733
3738 0.9224948461082147
3739 0.9223097140402348
3740 0.9216451642537988
3741 0.9215595949816882
3742 0.8641236735037591
3743 0.9010516269876514
3744 0.9126300430190136
3745 0.9174716091149419
3746 0.9194388197921768
3747 0.919655510166947
3748 0.9200713555469613
3749 0.9196137681804336
3750 0.9200855605906713
3751 0.9202056118957702
3752 0.9202110312540583
3753 0.9199116201104917
3754 0.9203112887304431
3755 0.9205485250131173
3756 0.9206003796687597
3757 0.9007909852067653
3758 0.9202539332087211
3759 0.9212961098969206
3760 0.9202970875135313
3761 0.9212662777904018
3762 0.9217466361785469
3763 0.9204783512245307
3764 0.9180598327873081
3765 0.905998472033232
3766 0.9214282078988436
3767 0.9211537203831788
3768 0.9197096339105397
3769 0.9241588905523432
3770 0.9233056280265369
3771 0.9227206422348299
3772 0.9218489366013969
3773 0.9247520624363823
3774 0.890550236018354
3775 0.7933548667321949
3776 0.90166113511533
3777 0.8651649462339679
3778 0.9250665068996952
3779 0.9237744562766831
3780 0.9212476586426004
3781 0.9228957117929013
3782 0.9028605976491237
3783 0.9124478485752541
3784 0.9158496800410975
3785 0.9208620548848034
3786 0.9211711942567059
3787 0.9213654270465133
3788 0.9207748556882891
3789 0.9179142441604545
3790 0.9116381774567983
3791 0.9148483864837952
3792 0.9139511051920234
3793 0.49553240415426564
3794 0.9209046754126866
3795 0.9212030500918303
3796 0.9208124785284902
3797 0.9193545665457649
3798 0.9197913779163205
3799 0.9198137430211764
3800 0.91916808669386
3801 0.9219430533552793
3802 0.9238613088614633
3803 0.9236006566288888
3804 0.9230415491511722
3805 0.9217444260200014
3806 0.9219480788007798
3807 0.9219121712723236
3808 0.9219921786139088
3809 0.9207496957926683
3810 0.8969143285368972
3811 0.3378407512416639
3812 0.8905803572158504
3813 0.9133663075453311
3814 0.9115683067473099
3815 0.9057220809119252
3816 0.8925499977768495
3817 0.9186670200297837
3818 0.9201274596194652
3819 0.91990364673536
3820 0.9190092165994815
3821 0.9204400920887269
3822 0.9199004738087435
3823 0.9191404649408762
3824 0.916990688197481
3825 0.923615938996421
3826 0.9228298866208786
3827 0.9208498331471157
3828 0.9160108398497422
3829 0.9124974179054307
3830 0.9131651419104887
3831 0.9081284564316303
3832 0.8978673058702724
3833 0.912260416655084
3834 0.9204889298705969
3835 0.9211295479451501
3836 0.9214534224288453
3837 0.9205307584392418
3838 0.921574589338278
3839 0.9190253186158838
3840 0.9143191933317489
3841 0.9189206183972388
3842 0.9210591220249779
3843 0.9214186391737897
3844 0.9214713706819928
3845 0.9184859924298153
3846 0.9140414068085816
3847 0.9033070519615967
3848 0.8668753125114478
3849 0.8567962849880943
3850 0.8666540570031614
3851 0.8630753107308362
3852 0.8647224800668931
3853 0.9091014776776123
3854 0.9257266655006601
3855 0.9294290140575613
3856 0.928611762008664
3857 0.9658996579907577
3858 0.9679849366747086
3859 0.9652521370965337
3860 0.9595400978019182
3861 0.8151974582425431
3862 0.8646345514247029
3863 0.8608028981566571
3864 0.8698359279809534
3865 0.800360675616739
3866 0.9366294640254332
3867 0.9643421498371607
3868 0.8639366103342838
3869 0.8237250639297395
3870 0.6165645790521047
3871 0.5681804567633894
3872 0.4919804103867826
3873 0.09882944462186084
3874 0.40204716029007476
3875 0.49453696687070253
3876 0.6540231309101504
3877 0.8040587823960986
3878 0.9771211769846335
3879 0.9815862605517295
3880 0.9833325366090522
3881 0.9696473561382428
3882 0.9608142990622743
3883 0.9504936424143406
3884 0.9402228684037263
3885 0.9102179107581282
3886 0.9111872691291327
3887 0.9098476928232255
3888 0.9085888252008129
3889 0.920903231024543
3890 0.8457661197989691
3891 0.09769110747904484
3892 0.9559242519824172
3893 0.9004089463580607
3894 0.8388110787222862
3895 0.8098710727212792
3896 0.7481731208732763
3897 0.7960176243356555
3898 0.8287527041161239
3899 0.8048020941709386
3900 0.7831031425616543
3901 0.4433073556505839
3902 0.5308918323293543
3903 0.6375423492574723
3904 0.6507751934007859
3905 0.9550313412897791
3906 0.9309703741025254
3907 0.33148698085661144
3908 0.8975991079926879
3909 0.8248500432497339
3910 0.983556356854618
3911 0.9860599949466846
3912 0.9808991881125889
3913 0.9755453434234249
3914 0.9708795146235667
3915 0.9641719222635463
3916 0.957436740058998
3917 0.9153735029193967
3918 0.9062625048751354
3919 0.8925794355174842
3920 0.8868766805295537
3921 0.5576674589408392
3922 0.7654170806948047
3923 0.9086959766220106
3924 0.8954397237401612
3925 0.7744548315935318
3926 0.486469663259383
3927 0.761236226785722
3928 0.8931737994590124
3929 0.9824652790026167
3930 0.9798717163379834
3931 0.9827103681967542
3932 0.9835370405655414
3933 0.955769978597465
3934 0.7185894587275011
3935 0.44656231541053676
3936 0.15373281482748669
3937 0.8940489773447566
3938 0.9676487458205805
3939 0.9638993742614889
3940 0.9212104631488301
3941 0.5612643474536777
3942 0.9370513252598233
3943 0.9553387857213493
3944 0.9678275031608904
3945 0.9851913997034574
3946 0.9860591188184149
3947 0.9863403956496609
3948 0.9862181578028884
3949 0.9730182481332652
3950 0.9445698603829428
3951 0.931541607421821
3952 0.9099930901854919
3953 0.9378943423677226
3954 0.9469571927005547
3955 0.9543847446648843
3956 0.9508648091222792
3957 0.892395541502094
3958 0.8321344709720363
3959 0.7668917929481437
3960 0.7376154291347505
3961 0.5180685641043901
3962 0.5031720301300077
3963 0.5138350185209507
3964 0.5363405647770007
3965 0.7317667727412195
3966 0.7834238047387005
3967 0.8208897620223443
3968 0.8578484269684082
3969 0.2054930940362208
3970 0.7112722477958278
3971 0.7893325634699855
3972 0.8325143787618877
3973 0.9361077898871372
3974 0.9434249884492044
3975 0.9461169778234235
3976 0.9506018385381866
3977 0.9639940650707091
3978 0.9676404404954154
3979 0.9684945272921427
3980 0.9695685494490681
3981 0.19057600530704474
3982 0.7939243523351192
3983 0.820497373823001
3984 0.8404011555579387
3985 0.931215633924511
3986 0.9548854310399397
3987 0.9616661153184609
3988 0.965485820595775
3989 0.9757618538470352
3990 0.9709028676121064
3991 0.9667918207887127
3992 0.962086015395529
3993 0.9556331703440843
3994 0.9551167639938356
3995 0.9564170856770334
3996 0.9545702409200525
3997 0.9121279921403128
3998 0.7578447905589397
3999 0.5068670813745652
4000 0.12138272890507888
4001 0.9845606747480719
4002 0.9861178959816052
4003 0.9859531363732024
4004 0.9856321516846185
4005 0.98742517661701
4006 0.9874695760845563
4007 0.9872929530902543
4008 0.9870117135144668
4009 0.8854870538788935
4010 0.4302502796485313
4011 0.10670794338426878
4012 0.2545292763428629
4013 0.6337996167083405
4014 0.7849051180367941
4015 0.9206283377286035
4016 0.8876950657720739
4017 0.2837427931653437
4018 0.29677002340266856
4019 0.3102153135846834
4020 0.3272395621018253
4021 0.44848597745340296
4022 0.8268644489288876
4023 0.872380121168701
4024 0.9224057337907379
4025 0.2565001507341228
4026 0.6646617307677974
4027 0.8987806298600504
4028 0.7116902759227688
4029 0.9581489438919776
4030 0.9541273991755922
4031 0.955822149592005
4032 0.9437340186833734
4033 0.8903927957197042
4034 0.8705338093108178
4035 0.8531194347978127
4036 0.8190721186992069
4037 0.8553462041833078
4038 0.6715181844932749
4039 0.5995389719164894
4040 0.4753614062233397
4041 0.9173758698451911
4042 0.9505030113455668
4043 0.9481288195892219
4044 0.9422919666373607
4045 0.6545248961038236
4046 0.815871237332726
4047 0.8423039479838124
4048 0.8591897988288605
4049 0.8750960990472277
4050 0.8885672974373107
4051 0.891439351961607
4052 0.8939498532529272
4053 0.8395151681126393
4054 0.8352483400797815
4055 0.8309937554816569
4056 0.8270517611553236
4057 0.17240327992030974
4058 0.6529656548824746
4059 0.7835235175659898
4060 0.8040071940585934
4061 0.6707789144129641
4062 0.19235670669847352
4063 0.23233552215624712
4064 0.11251134509206556
4065 0.7232562824229054
4066 0.6691988251531953
4067 0.6115588489008775
4068 0.5300240192887752
4069 0.6080362243437661
4070 0.21850292586464878
4071 0.10206879630048624
4072 0.28013426643992545
4073 0.9100896309673197
4074 0.9574973828807684
4075 0.9650427293605233
4076 0.9521693450489674
4077 0.3746518700904216
4078 0.6213422737067062
4079 0.3059269411940738
4080 0.8266039633497787
4081 0.9338412129496786
4082 0.9717613009693461
4083 0.9806847993735388
4084 0.9834613594962742
4085 0.9757904140527348
4086 0.9383759661059373
4087 0.9281657767008223
4088 0.9194823153611688
4089 0.9524112632741412
4090 0.9394482964640543
4091 0.9382930904231794
4092 0.9325437166651706
4093 0.927446138443487
4094 0.9281049850584918
4095 0.9217728580382757
4096 0.9172046270694529
4097 0.8843157377970504
4098 0.8766673970448378
4099 0.8759701342320524
4100 0.8742464189240758
4101 0.8310700424879696
4102 0.7753520372746693
4103 0.7569276036182537
4104 0.7132419803516801
4105 0.5933914851761569
4106 0.47984115147335454
4107 0.430270121709386
4108 0.36190855748470413
4109 0.11109142178013165
4110 0.10549357701894162
4111 0.15158453581597164
4112 0.23437956265866972
4113 0.7668040078258226
4114 0.9645757636568816
4115 0.9799053455468129
4116 0.9853296567680512
4117 0.9828760582886839
4118 0.9768363121374184
4119 0.9734133847379597
4120 0.9686444253457367
4121 0.9606509567748795
4122 0.9533299178313946
4123 0.9506984454050651
4124 0.9467512259166248
4125 0.9407239000295826
4126 0.9345505675370599
4127 0.9233673463760188
4128 0.9111296261913863
4129 0.45020067007780473
4130 0.14376727848385362
4131 0.3207738524763089
4132 0.385330644392384
4133 0.6694313356403223
4134 0.4745578352582757
4135 0.47379416759522747
4136 0.43630563257725596
4137 0.7198941777255551
4138 0.6500309879735314
4139 0.6212017516488578
4140 0.5879550644884689
4141 0.13833044235069716
4142 0.488106300953657
4143 0.6377850626746083
4144 0.7239413213006708
4145 0.5998597137971683
4146 0.8271103304166553
4147 0.6816415481793309
4148 0.5763767687770913
4149 0.7965770030213098
4150 0.8625403878323533
4151 0.8532112750579074
4152 0.8595286206455376
4153 0.7799383119312748
4154 0.8454313138582209
4155 0.8599096219326948
4156 0.8717632486844974
4157 0.9227725710963159
4158 0.952710744470748
4159 0.9606540281810163
4160 0.9664078892142837
4161 0.9324413488683577
4162 0.9016768772286576
4163 0.8991179884413605
4164 0.8946316583857655
4165 0.6664587331823358
4166 0.7497341390113988
4167 0.7988374066638013
4168 0.8213000219943889
4169 0.7975105961667693
4170 0.7020517026032781
4171 0.6509995031745213
4172 0.578538562045497
4173 0.6406953590122927
4174 0.9368911291138103
4175 0.9559846932560766
4176 0.9712100536131629
4177 0.870260608761254
4178 0.46794729996938195
4179 0.6903846330957133
4180 0.7878062529034828
4181 0.7990446952176381
4182 0.6847978588558858
4183 0.6234448731385637
4184 0.5325669998758317
4185 0.977006962608183
4186 0.9774874837903109
4187 0.9693042623719317
4188 0.960350591304561
4189 0.8649559598715524
4190 0.6486394824129079
4191 0.5697606005333157
4192 0.4898633749858617
4193 0.8224431275598048
4194 0.9513310282008635
4195 0.961842157524683
4196 0.9670844856123318
4197 0.9698067088454888
4198 0.9587113133256154
4199 0.9551371275098215
4200 0.9486745997221714
4201 0.6780198680323821
4202 0.6850148824476777
4203 0.8336781741940313
4204 0.9026373686631538
4205 0.24125438526938503
4206 0.5827593521567438
4207 0.6376692887609436
4208 0.6180554670594631
4209 0.8252987901303703
4210 0.463757626131257
4211 0.1081237985685571
4212 0.6624723014707549
4213 0.8947574340522658
4214 0.958599662445358
4215 0.9676196064843026
4216 0.9731110843886371
4217 0.9696929471310448
4218 0.8716136879649218
4219 0.8232508174709385
4220 0.7566386644884704
4221 0.9338718082002875
4222 0.9393360372698889
4223 0.9402039541910384
4224 0.9380052952655367
4225 0.9672671242981687
4226 0.9450125856121272
4227 0.9265488898729222
4228 0.8975476999370685
4229 0.8477943433426253
4230 0.7548170529315016
4231 0.7143764177297081
4232 0.6480214681084705
4233 0.23243321702645828
4234 0.9603213065674213
4235 0.9843649646935723
4236 0.9806990396330681
4237 0.9772587865218542
4238 0.9786401963578482
4239 0.9805935618703053
4240 0.9839097710958242
4241 0.8885823139776908
4242 0.9734228117326269
4243 0.9851906353571158
4244 0.9863961065203263
4245 0.9836695559425213
4246 0.9737443473936811
4247 0.9682804336602229
4248 0.9612725101906533
4249 0.9393443414145507
4250 0.7342165850219109
4251 0.4196335390715657
4252 0.3310013072881013
4253 0.8671936961583958
4254 0.9534163783115502
4255 0.9500736725859691
4256 0.9567199073132214
4257 0.6294626730465469
4258 0.9197758910512341
4259 0.9445576746599815
4260 0.9575116465925462
4261 0.9814184451750441
4262 0.9835807064624831
4263 0.9837314358350223
4264 0.9831399912619687
4265 0.9844142910996033
4266 0.9641565965599027
4267 0.8294997860514618
4268 0.9033107355667684
4269 0.9724541016467056
4270 0.9860247214408261
4271 0.9863490564974288
4272 0.9860024483470976
4273 0.9488585699919097
4274 0.9778419963043103
4275 0.980709688099047
4276 0.9828835123940165
4277 0.9763573501334066
4278 0.9756400294946408
4279 0.9777526278082529
4280 0.9792034683638269
4281 0.9790998452111214
4282 0.9501383837731363
4283 0.9308894403658935
4284 0.8905457319470456
4285 0.8844244543773319
4286 0.7971561841773867
4287 0.7680203455978328
4288 0.6915892090125545
4289 0.8612909184353634
4290 0.7007785863051439
4291 0.4753369715866775
4292 0.1126433443213279
4293 0.3654627874666402
4294 0.5138692683802168
4295 0.473990828388096
4296 0.49856853739971385
4297 0.25105274972875535
4298 0.6267349399487526
4299 0.8105079569458445
4300 0.9570426579261719
