x y
490 0.1305157938031572
491 0.11584440864306583
492 0.13025366677398328
493 0.068781876218763
494 0.12636124965543077
495 0.10868071729385151
496 0.13586162547798977
497 0.08160348326810159
498 0.11443019094252371
499 0.1254946505580531
500 0.10977941651343183
501 0.09438250328711072
502 0.11387412951615543
503 0.13021346844513065
504 0.11424835940149387
505 0.11366652781304902
506 0.11760411229791844
507 0.11315055573868975
508 0.09001759089578407
509 0.1183676696206656
510 0.08875291454532859
511 0.0907228809478261
512 0.08287609277891637
513 0.10124851258263189
514 0.13029907116478612
515 0.10176060566246506
516 0.11938096273610815
517 0.06386226819364113
518 0.11136795291961446
519 0.11093493262059398
520 0.09901191134190891
521 0.06753480948716012
522 0.10243264907881894
523 0.11421487210211516
524 0.11725716034405834
525 0.07820946907197372
526 0.10337482280081288
527 0.11028965083458402
528 0.08679851264857207
529 0.056862395716262795
530 0.08618745446082779
531 0.10564090883599073
532 0.11080535876122122
533 0.0596177768632717
534 0.10306933002430954
535 0.0896088969641528
536 0.11142930447508041
537 0.053358330565244375
538 0.0984194360195034
539 0.09252585130539996
540 0.10473357053984002
541 0.04270934911356189
542 0.09116160663761917
543 0.08744912776206473
544 0.09999312806625615
545 0.03488204854886367
546 0.06457066692252937
547 0.09133146945091251
548 0.08049511461827893
549 0.09401526171210264
550 0.07771413374703016
551 0.07474550524811754
552 0.070823289417365
553 0.047639042237207066
554 0.08457073872965533
555 0.08931443966170084
556 0.09057382685856409
557 0.07860128427468478
558 0.08186114306439667
559 0.08944281336643548
560 0.07383747258779529
561 0.0888837731983212
562 0.08426592707391474
563 0.07348281482565609
564 0.0694837894392394
565 0.04467413109405863
566 0.09263385377592324
567 0.09389888950110632
568 0.0881785708895947
569 0.045061709565134084
570 0.07902366158520982
571 0.09167643170993138
572 0.07927461874847673
573 0.05292930322628376
574 0.07151045246017185
575 0.09194623126980116
576 0.0706131745856301
577 0.09202111596929116
578 0.07370465814279324
579 0.07580115155289509
580 0.0642796157799424
581 0.08105859423327688
582 0.07002622819717849
583 0.051104191432921615
584 0.06019449342598397
585 0.05483734582585427
586 0.08678063305961062
587 0.07357710317539753
588 0.0917453292299037
589 0.04812955125143652
590 0.07473346266207742
591 0.07208657133192574
592 0.07916335979018026
593 0.03857934268616967
594 0.05313065414847703
595 0.07565193495355664
596 0.07066427891608235
597 0.03983905253909682
598 0.05559486809289006
599 0.07184168888788571
600 0.0766386200795551
601 0.039274707788520234
602 0.060925925239336716
603 0.06404698185243403
604 0.08676334963351742
605 0.03517055913218345
606 0.06814771669483845
607 0.061504223813204556
608 0.08209328108505552
609 0.03602906104231081
610 0.058262017563215175
611 0.055075078376752275
612 0.06609795159269392
613 0.03708445018343759
614 0.06746829238001305
615 0.07342389525835116
616 0.0500048094179886
617 0.036692998539384646
618 0.04945354228280052
619 0.07505875839152755
620 0.058373843222325764
621 0.02909865681560901
622 0.03598692896788854
623 0.058101447706950214
624 0.06952330493057189
625 0.03708898480017759
626 0.053753821163340126
627 0.04915152146416289
628 0.05943401334151159
629 0.03408879398904759
630 0.05742751508221942
631 0.049361700488238056
632 0.07255167562755646
633 0.03903916336905057
634 0.0499506522686938
635 0.04902298685549865
636 0.0590194440455671
637 0.05338279018820649
638 0.0578891029688728
639 0.05333904140513401
640 0.039888080708501604
641 0.04996561037420182
642 0.052614758697525466
643 0.04784372002672581
644 0.0498395216783629
645 0.03121765660910721
646 0.03960067632972308
647 0.04974929631062687
648 0.05256694225137883
649 0.03329399430722057
650 0.04695032119074453
651 0.056238058348794064
652 0.05821393323801724
653 0.031960621661202955
654 0.053586322501548524
655 0.04670265807786958
656 0.06723825642067961
657 0.03424889725250527
658 0.042174529964870276
659 0.041335194957351676
660 0.04060842849173569
661 0.03651645829962652
662 0.05357266225341349
663 0.049121185457670156
664 0.029968575312803142
665 0.02923852293096209
666 0.029140958027119256
667 0.054832545176063396
668 0.033100464459785144
669 0.028056139402258748
670 0.032015758861511937
671 0.04084230325158989
672 0.04199632305440864
673 0.031772795533656015
674 0.04556329770815168
675 0.03186796295125935
676 0.046002868563606976
677 0.032666113401181265
678 0.0425208940581425
679 0.0337258521760004
680 0.03883878429149321
681 0.034096978338368854
682 0.039967988244582656
683 0.03563635800911775
684 0.027737974846682858
685 0.044391668249129504
686 0.03189482664110402
687 0.03610395799338545
688 0.02979224659733483
689 0.04676048422655412
690 0.037816252437368095
691 0.04513428688399745
692 0.03940987892328161
693 0.03189415652335392
694 0.038920877343080446
695 0.04275941841095372
696 0.048411082752743126
697 0.034943767034730656
698 0.03691455835476353
699 0.03051334050370187
700 0.04422825317097528
701 0.02836993704730576
702 0.04377213617063355
703 0.02746950947576342
704 0.04546816928760761
705 0.03027136492932139
706 0.034618101448046924
707 0.03743988056437656
708 0.035335052206105756
709 0.04650472287719637
710 0.03676833639912941
711 0.03412778642863365
712 0.031078986401484987
713 0.032725008403415586
714 0.033522293859862516
715 0.035048292243538705
716 0.02559067479733772
717 0.03189903207788377
718 0.03588578834421476
719 0.02825448556875585
720 0.02903137347597353
721 0.027155757962013017
722 0.044723991696913865
723 0.023125596558889596
724 0.03631958458083152
725 0.0295519451024691
726 0.037806836079523
727 0.024017703917643185
728 0.03221703291599903
729 0.03727844335264147
730 0.029317793156522942
731 0.027263662210840908
732 0.024645385492357893
733 0.041224506213950074
734 0.02790613675128779
735 0.03278444812673139
736 0.026661959867183567
737 0.03167959480696324
738 0.03217773444801235
739 0.03475907761792026
740 0.028326513888048993
741 0.035733770557865946
742 0.041145982325724334
743 0.032563216454432886
744 0.03099073944879708
745 0.02630255438970063
746 0.028803866055957836
747 0.026024700702127743
748 0.033187205247620394
749 0.03248324165535284
750 0.0341890813952881
751 0.02696825153487923
752 0.03304921226896919
753 0.037488974287615925
754 0.03447149680612564
755 0.03487734930508569
756 0.034606622763093946
757 0.029200751814394587
758 0.043922593798738016
759 0.039023596466787706
760 0.02811099554672474
761 0.03245575716430966
762 0.026936134656883624
763 0.02789835958934594
764 0.027613799630994314
765 0.03453329169862255
766 0.026259645426465104
767 0.03045705487941222
768 0.032292649168370366
769 0.030314091883949363
770 0.032795860116951646
771 0.019466132610568985
772 0.024262146314309358
773 0.033733773560579654
774 0.03588578398778582
775 0.03676119609120845
776 0.04241239989468703
777 0.026999363444492774
778 0.028391011098568484
779 0.028348832522097356
780 0.035708891344922646
781 0.02610935278460398
782 0.030352898210977773
783 0.04222671469405287
784 0.02598724860311684
785 0.02618633707891337
786 0.02372021343186356
787 0.028947465209659226
788 0.030703451217955514
789 0.029191587665585304
790 0.03455707579286163
791 0.027887343722861332
792 0.0295651677908698
793 0.029389889603491624
794 0.030668232935229946
795 0.025699598082964195
796 0.032092938675448934
797 0.02716125215215651
798 0.03239274773012428
799 0.03132530345605974
800 0.03258206156485673
801 0.029635834334406405
802 0.034317672062191516
803 0.035664229749623834
804 0.02906019258432875
805 0.032749650026711395
806 0.0272556195424245
807 0.03430366750014556
808 0.022993083569221657
809 0.02558316103320685
810 0.03759531978838907
811 0.024880120736293452
812 0.029569547059864816
813 0.5299627395040007
814 0.551182194481102
815 0.5376341213383488
816 0.44699588255518546
817 0.6774421503422506
818 0.6334124314197174
819 0.5977558113094951
820 0.5051231683553186
821 0.44799782047099734
822 0.49263495309487976
823 0.40018797383923055
824 0.26692347136858274
825 0.09366210254873215
826 0.10630818634169342
827 0.03461234598508539
828 0.04080170012887965
829 0.027238725844671446
830 0.06667433265677022
831 0.10388715138436608
832 0.11329612822471558
833 0.06875604052196231
834 0.11673249172437203
835 0.13808480000240275
836 0.15419691433730212
837 0.10524919753184477
838 0.14350883877957712
839 0.13155131968459552
840 0.1137060685630922
841 0.0855279106304591
842 0.060277798682041604
843 0.04034245446358681
844 0.050834488007408724
845 0.35894305053499265
846 0.27364306885488715
847 0.18104042109878754
848 0.08981178911763923
849 0.399148172502469
850 0.399695287170142
851 0.28952446484601474
852 0.18643841313872292
853 0.12823657553604367
854 0.07861387068860284
855 0.06897110904325557
856 0.055096356337412736
857 0.10006862554334661
858 0.17707318193299812
859 0.13307516224312865
860 0.11713129884581193
861 0.1014124775203683
862 0.12877754969032917
863 0.11076575832047249
864 0.08154007591007828
865 0.2774606507173092
866 0.2830151886630756
867 0.24240164362049224
868 0.1742384167070343
869 0.5264127219651725
870 0.6006496616176563
871 0.5279224944228775
872 0.46041319898073907
873 0.2836178579973593
874 0.24636782986043523
875 0.20598151976280019
876 0.12787346966674418
877 0.749223866942838
878 0.8035877759035399
879 0.7298930508753257
880 0.5391975736650624
881 0.48286543678461813
882 0.5076892131663198
883 0.3425289108885579
884 0.14301082886049754
885 0.682792139990552
886 0.7055895767313847
887 0.6378849313575785
888 0.4924214207215935
889 0.29737781095320864
890 0.2632345612301779
891 0.21565895674770624
892 0.12419479514126205
893 0.7431246979338029
894 0.7429747003296853
895 0.6965175790698339
896 0.5666138590368068
897 0.501475418624077
898 0.482211058373151
899 0.41235336604353323
900 0.32351039550106603
901 0.3349193587595314
902 0.30204094823561056
903 0.24965359886862232
904 0.15446508044102494
905 0.2633846912031118
906 0.19646799852838892
907 0.12442558892835545
908 0.12141893898320431
909 0.5200926192587703
910 0.4511959313188752
911 0.33958240245300375
912 0.17088461519495557
913 0.21750724223508566
914 0.2246584300293238
915 0.21920172917933195
916 0.21228770828604993
917 0.22665408963110215
918 0.2215840113243647
919 0.20802912062657508
920 0.17926072348790675
921 0.21847195864906768
922 0.20622216001504623
923 0.20375434893464028
924 0.17518020617019656
925 0.27999320201724903
926 0.28739884177187147
927 0.26559248538980373
928 0.2823106204902958
929 0.21342327319032645
930 0.2791104015579126
931 0.31223423244281573
932 0.28630020401412276
933 0.48352606593942193
934 0.5777642067568252
935 0.511770274016207
936 0.41801996846221273
937 0.15028898741000765
938 0.17169182300530822
939 0.1987166409713098
940 0.2700310330601423
941 0.11892563567055825
942 0.13319559278380452
943 0.12854860747427335
944 0.14487315919298005
945 0.15585796076609876
946 0.1697311352933712
947 0.18925482401704802
948 0.2384871636859512
949 0.18678914762535476
950 0.23430660047144086
951 0.2715983532335653
952 0.271332699247197
953 0.17951768262015902
954 0.2994982623747271
955 0.313251505682477
956 0.3472371910796883
957 0.19676657559707963
958 0.31641183204317785
959 0.3238658071012162
960 0.32883709625071533
961 0.21263538980919067
962 0.33873397148026435
963 0.34822820148375955
964 0.3376845512452286
965 0.09992147701492265
966 0.17671880021572525
967 0.24039487603211046
968 0.3021458020487572
969 0.08180679146961334
970 0.1815855348422896
971 0.27324656039931733
972 0.26434338609164354
973 0.2730398874522652
974 0.2522595650922933
975 0.25305388120746186
976 0.2230654782706541
977 0.15149545681417745
978 0.2796838275444701
979 0.2809183864182523
980 0.2957197457271141
981 0.2897710229596689
982 0.2940461710044304
983 0.2715576208447373
984 0.22961935002756065
985 0.2777569676293103
986 0.24360028179748425
987 0.24600551480231586
988 0.20146218128140295
989 0.13961043836431838
990 0.2753698648085218
991 0.30956964653217484
992 0.2902660281250457
993 0.1612333698475427
994 0.2668645299226615
995 0.2965697423439262
996 0.3047289250064455
997 0.19402380044065473
998 0.2763743594556136
999 0.2754574321651402
1000 0.22505601689948196
1001 0.16010825051046312
1002 0.14876442059519757
1003 0.13562796818167275
1004 0.10333248718578948
1005 0.23810208627695914
1006 0.20908507858115696
1007 0.1942625284063297
1008 0.1746749970274624
1009 0.17806324889806546
1010 0.19025587646254266
1011 0.18153295071541528
1012 0.20952343514720356
1013 0.16888024237144314
1014 0.1667910477034128
1015 0.16123788530068597
1016 0.18784429685900747
1017 0.2636764161845646
1018 0.3154265029481722
1019 0.27792106930670835
1020 0.2887897717261067
1021 0.11317074169659339
1022 0.20375485340941046
1023 0.22616116953410556
1024 0.26777264835685527
1025 0.10198793452992713
1026 0.1640816650288466
1027 0.2050865243876339
1028 0.2465769197633081
1029 0.1129587634480043
1030 0.19947612345073526
1031 0.2234592198348657
1032 0.24207278101185026
1033 0.19885478316998043
1034 0.24506121655491053
1035 0.24720809322481105
1036 0.24204472267954466
1037 0.14814345882166471
1038 0.2124307484887122
1039 0.23720186824896014
1040 0.21407033812682147
1041 0.5702758247191152
1042 0.44437059084262126
1043 0.5748728643481856
1044 0.44378296497031394
1045 0.7410557141491578
1046 0.736385615678012
1047 0.7318452409597344
1048 0.7207050160070319
1049 0.7363259399464079
1050 0.7358415745081991
1051 0.7342741103482195
1052 0.7312241245372088
1053 0.7413087567366071
1054 0.7403529907121285
1055 0.7394060084067974
1056 0.7341802847924678
1057 0.7405455641200135
1058 0.7349841199218353
1059 0.7313330794888396
1060 0.7110764822699992
1061 0.7167807170355516
1062 0.6367041811014427
1063 0.5538963742606098
1064 0.2927752015593527
1065 0.5491978173741086
1066 0.2544347272181251
1067 0.1612931359080939
1068 0.23390440666291223
1069 0.13945348676893649
1070 0.20918933609309304
1071 0.45747115919064374
1072 0.5816456315968374
1073 0.3558453935040624
1074 0.5722773478922564
1075 0.6186535803203412
1076 0.6638524382205139
1077 0.5329437980792419
1078 0.6484966660553467
1079 0.6681476591830516
1080 0.6612008486838038
1081 0.46130596978062016
1082 0.5562824826527202
1083 0.6014073004542274
1084 0.6388180366037585
1085 0.5027383032229582
1086 0.5821756594291077
1087 0.6090133819711524
1088 0.608689927294353
1089 0.49008933453022263
1090 0.5727751495642857
1091 0.6009347578148987
1092 0.6203145106631001
1093 0.5353213130579041
1094 0.5552151893353503
1095 0.5719709625962182
1096 0.5920182040057005
1097 0.5532916578391303
1098 0.569426687238889
1099 0.5813297232672945
1100 0.5940565890114351
1101 0.6015954761532881
1102 0.6234405910209626
1103 0.6464968946358913
1104 0.6621872418628085
1105 0.6125324265312606
1106 0.6392145390316285
1107 0.6518495806027318
1108 0.6067368275063212
1109 0.5347321997191034
1110 0.5952578459833455
1111 0.6116815133806042
1112 0.6149615930763535
1113 0.555486674608548
1114 0.5492151892835756
1115 0.5420735175679298
1116 0.5048761208094465
1117 0.49628201942001704
1118 0.4782601766846945
1119 0.46477210321784884
1120 0.4172328484732887
1121 0.4220207904546898
1122 0.40676743551484934
1123 0.3370129503156629
1124 0.1863172239266857
1125 0.3739903946912267
1126 0.3707520126615644
1127 0.34983731209416574
1128 0.4673109376817051
1129 0.5521029081445074
1130 0.5585325543468325
1131 0.5179263094379456
1132 0.40674428779202254
1133 0.8274685528804124
1134 0.8377050312939235
1135 0.822326966861052
1136 0.7624669131674857
1137 0.4835729773758034
1138 0.37851746533755926
1139 0.347608987830279
1140 0.42293947567009277
1141 0.5148996245773938
1142 0.5113328923290288
1143 0.4885822030014716
1144 0.38066981386529997
1145 0.4412309466211444
1146 0.33961112154724826
1147 0.2636720947914862
1148 0.24818230160422747
1149 0.5166107792050052
1150 0.5268332549226148
1151 0.5105273529448011
1152 0.4604927343084941
1153 0.5366900457581202
1154 0.536929231520497
1155 0.536227616964947
1156 0.5246578414550376
1157 0.5385561067360237
1158 0.505775555954435
1159 0.5071236067981834
1160 0.5084588058855487
1161 0.5149116840050397
1162 0.5082871809071388
1163 0.5008308660019163
1164 0.48427730708340033
1165 0.5212262746475083
1166 0.5330892226450632
1167 0.5356094203845067
1168 0.5311226823305236
1169 0.6506077911993645
1170 0.6760840055397657
1171 0.6669901099745517
1172 0.6945418478739506
1173 0.6447768833439085
1174 0.5873492880066074
1175 0.4232809973755824
1176 0.4074057151836196
1177 0.4323755642023018
1178 0.5386768160736812
1179 0.5418406822137419
1180 0.5256409800653631
1181 0.5290661342123721
1182 0.3283281662637637
1183 0.29584517447313663
1184 0.2719780228140098
1185 0.6218609273013278
1186 0.7723230288675857
1187 0.7841805840198066
1188 0.7877250648745117
1189 0.8113782241778328
1190 0.6325650420971829
1191 0.5481580638466675
1192 0.46371105849260635
1193 0.43340957528655105
1194 0.49189734581795463
1195 0.49936303370999086
1196 0.5129560605899596
1197 0.5619929985673063
1198 0.500149097763202
1199 0.5118813935248624
1200 0.5311274706630251
1201 0.5434820122891564
1202 0.5311117857454273
1203 0.5208167930852321
1204 0.4909747172535214
1205 0.4865017880232358
1206 0.50361241246346
1207 0.4960871292273207
1208 0.48196621637753684
1209 0.39684396851154224
1210 0.527816060502753
1211 0.5355186433171705
1212 0.5532935684933585
1213 0.375575024456105
1214 0.3324583809000181
1215 0.3195552598837346
1216 0.29987935746494965
1217 0.3955100315739241
1218 0.5133002518328141
1219 0.5532145755805223
1220 0.5779065169316195
1221 0.4881032904293049
1222 0.4973642712755717
1223 0.49935224762178365
1224 0.501082242614408
1225 0.4988279881759998
1226 0.5008052262825412
1227 0.5028754350033388
1228 0.5017728940775255
1229 0.5914480500396752
1230 0.5915881456690633
1231 0.5919510171580039
1232 0.5883939274759072
1233 0.5825517739075372
1234 0.5418354995525559
1235 0.5067050693779764
1236 0.4382727930785526
1237 0.5346985753666142
1238 0.44502931349692054
1239 0.3946783642618539
1240 0.31716180761697854
1241 0.307309546328785
1242 0.2121033213598124
1243 0.23406123824647265
1244 0.26440109707645937
1245 0.21020688285190056
1246 0.22642842607399868
1247 0.25538618331564894
1248 0.3016656302563189
1249 0.48464024959829544
1250 0.530077133569317
1251 0.5562980096385921
1252 0.5867127982223441
1253 0.45416830891030974
1254 0.47674975344378434
1255 0.4983200281921353
1256 0.5103155159636503
1257 0.5956916028689796
1258 0.5500660660709394
1259 0.5314848805426833
1260 0.5147570363027029
1261 0.5047891674658401
1262 0.5654528162460543
1263 0.576141433712902
1264 0.5789347757561217
1265 0.5313373528065403
1266 0.4840372567385635
1267 0.4838854775433641
1268 0.4813894488037272
1269 0.4845863518647453
1270 0.4991980220996933
1271 0.5270784351835825
1272 0.5416550026552073
1273 0.5003501236471334
1274 0.4501901906288783
1275 0.3954202442257415
1276 0.33910917144174235
1277 0.32813262089065687
1278 0.3922880434106477
1279 0.3828933366910269
1280 0.3552895510200398
1281 0.39392511202252056
1282 0.3118192441791871
1283 0.36167690117402684
1284 0.3787167375067564
1285 0.248026251793307
1286 0.3143907733913726
1287 0.31894177796083034
1288 0.3419766042116298
1289 0.31171167987692167
1290 0.4871222247844493
1291 0.4948853554949691
1292 0.5219620984691006
1293 0.21614041970514167
1294 0.26904262691767084
1295 0.2704377054302136
1296 0.2424919376125239
1297 0.34822994410507946
1298 0.4421026504635563
1299 0.5425018931194439
1300 0.5716866803958005
1301 0.4793286669916312
1302 0.47865016517185555
1303 0.4807779370494501
1304 0.4920482686572775
1305 0.4462143222732664
1306 0.44678120696594614
1307 0.43850818418004883
1308 0.4290800153018373
1309 0.2641874799065493
1310 0.2754140949191401
1311 0.30783922466162766
1312 0.3483824904441712
1313 0.5286151755913971
1314 0.3347329582088369
1315 0.30989297133639304
1316 0.35102389625037844
1317 0.569185515317664
1318 0.5985965491735931
1319 0.5915052332117012
1320 0.5802800382021207
1321 0.4849327982272286
1322 0.47587503791431074
1323 0.4718283915465711
1324 0.465515353258173
1325 0.5060383389450428
1326 0.3055339180104449
1327 0.3727765215974825
1328 0.40659341537516297
1329 0.29256350268278264
1330 0.5039957303786147
1331 0.5035424492091027
1332 0.47998504834185735
1333 0.5843710191354718
1334 0.5322977860662864
1335 0.47675011509525655
1336 0.4203871608696893
1337 0.45254620355734243
1338 0.44220739988511304
1339 0.4275466741426709
1340 0.40786159121478066
1341 0.4054684006688237
1342 0.389760526947553
1343 0.3994740156988576
1344 0.39607999063393684
1345 0.4510655665435144
1346 0.46108951938456344
1347 0.4915515286973168
1348 0.5006082834149838
1349 0.3970789735683532
1350 0.22707119114548519
1351 0.23864371006177137
1352 0.23108913056975666
1353 0.3944646478616584
1354 0.39892302817493547
1355 0.24346365759056998
1356 0.29525599368380634
1357 0.3663909864395913
1358 0.43617274904295184
1359 0.4315773481117555
1360 0.43509638849761617
1361 0.3951416780731579
1362 0.38493227649660444
1363 0.3759473009525047
1364 0.3645339261372866
1365 0.32005253860311733
1366 0.3301485614077738
1367 0.30777794058912117
1368 0.30797458489211116
1369 0.24041045116734377
1370 0.2879391872415819
1371 0.33525725275746476
1372 0.35290913835620213
1373 0.5946652403338383
1374 0.5748544047315255
1375 0.5525953407581314
1376 0.5318044584080864
1377 0.4705969186756839
1378 0.35790250230964765
1379 0.3314436204028193
1380 0.304582003536951
1381 0.3233638656445022
1382 0.32884342849766135
1383 0.3621138958696016
1384 0.3852087709641613
1385 0.3725017808933294
1386 0.37558551172459714
1387 0.39371376928043345
1388 0.4051232734214479
1389 0.4015196161878033
1390 0.276870957583147
1391 0.287520045117466
1392 0.3046959071330952
1393 0.5077052769672409
1394 0.45068081841991053
1395 0.39242502297297593
1396 0.3326109464429915
1397 0.45847181116102437
1398 0.5286728691450626
1399 0.5384061998034624
1400 0.5505737723296711
1401 0.3889204887638653
1402 0.28138330439717885
1403 0.26169752678917413
1404 0.25311194233526224
1405 0.3400431516708297
1406 0.29269691150541
1407 0.2731498489955413
1408 0.29778429432947423
1409 0.4613726607070291
1410 0.47441836506695606
1411 0.4881687999881787
1412 0.49072191744067867
1413 0.5794974111822618
1414 0.476966428686506
1415 0.4958449430819125
1416 0.5021433563321613
1417 0.41719867593892485
1418 0.45676926817889085
1419 0.46457527961370143
1420 0.4707928870456003
1421 0.48664401841673244
1422 0.5048138023330246
1423 0.49479404390210746
1424 0.49317181762518864
1425 0.30484549745586614
1426 0.31460679985755546
1427 0.34088188849136425
1428 0.37301449271132364
1429 0.378296923808479
1430 0.4873098651709739
1431 0.4673049136310025
1432 0.42083471037751174
1433 0.39673267383634797
1434 0.5603765056551473
1435 0.5619284859714826
1436 0.5546022286863039
1437 0.5735932776500964
1438 0.5549835879320131
1439 0.5428000688746802
1440 0.5290654797787716
1441 0.5182986555125983
1442 0.5266396599622647
1443 0.5164720466163333
1444 0.5099149986353578
1445 0.524474443710879
1446 0.4013797609474612
1447 0.3480913476573696
1448 0.2709727922789873
1449 0.43627226987339496
1450 0.2883705786611858
1451 0.27113320988840667
1452 0.2643397681429878
1453 0.3005004175835502
1454 0.39879625246916506
1455 0.41584389225651675
1456 0.43453810480542576
1457 0.5001642904964737
1458 0.4857499431982844
1459 0.4853635877187552
1460 0.47767793590043756
1461 0.4812203333657414
1462 0.46670598025310317
1463 0.4584293563493264
1464 0.44809076434798084
1465 0.47894077566712756
1466 0.4862434425387588
1467 0.5001587306586209
1468 0.4877835627083564
1469 0.4883126771925131
1470 0.5825964574295399
1471 0.49911035483560673
1472 0.37808713682070905
1473 0.5515251487395715
1474 0.5322335939062199
1475 0.49944239977410415
1476 0.4718629475763824
1477 0.4437157240612752
1478 0.521190500262195
1479 0.5270324039898322
1480 0.5452596362981574
1481 0.43288341069300196
1482 0.29287140226685215
1483 0.24632535866211744
1484 0.22305423662043566
1485 0.35196179133978706
1486 0.2644447325920765
1487 0.2410804844533428
1488 0.22526105304486768
1489 0.27229586674012335
1490 0.4962849667312595
1491 0.5169278428443941
1492 0.49885001068967877
1493 0.4881180502814133
1494 0.4257331408775024
1495 0.3991469369560996
1496 0.35777436405473256
1497 0.44406892352469407
1498 0.5052501200887713
1499 0.5532168772018813
1500 0.5894049324015911
1501 0.5914891112390565
1502 0.49332271755238993
1503 0.4427244337466619
1504 0.4019105432678195
1505 0.49816737108994114
1506 0.5245884325328878
1507 0.550316378928807
1508 0.5655784623051988
1509 0.37713390903885463
1510 0.2896880768355128
1511 0.2601200973115785
1512 0.23444110035570068
1513 0.34244372697743586
1514 0.25583196498873956
1515 0.21740592542115783
1516 0.24204029876817426
1517 0.2968482649155434
1518 0.28141707585238346
1519 0.30647069870588817
1520 0.3040156146470194
1521 0.23559731811777063
1522 0.2105493122985047
1523 0.20137929570445565
1524 0.1880747832411165
1525 0.3124480936279728
1526 0.5544895524669946
1527 0.5865160508503054
1528 0.6034477040695776
1529 0.5752432739663447
1530 0.5852219417046728
1531 0.583361693668306
1532 0.586331465904854
1533 0.45353237031968896
1534 0.38204685090216967
1535 0.37238051871719113
1536 0.3439356845984778
1537 0.4225674007289116
1538 0.4312127508351602
1539 0.3920270105871426
1540 0.4372235324003057
1541 0.4874665097434711
1542 0.34411941320196915
1543 0.32545413678701274
1544 0.317359637736472
1545 0.27317741605745127
1546 0.24412359041987128
1547 0.2339806362039999
1548 0.2234134001389161
1549 0.26093327899328145
1550 0.2743826897556658
1551 0.27958726721042193
1552 0.2841721284543231
1553 0.28538441508364326
1554 0.4100490495856016
1555 0.4477445349508473
1556 0.47915699679280405
1557 0.4537481007257925
1558 0.38918450682269795
1559 0.4559803962116107
1560 0.44368330559240976
1561 0.464413622629928
1562 0.5041859754770489
1563 0.47019370092800644
1564 0.43833709131902704
1565 0.5112446369688033
1566 0.5519748910297063
1567 0.5633079482331537
1568 0.5716440394885604
1569 0.5445393639069941
1570 0.5204883392731752
1571 0.5147179201371795
1572 0.501720751938334
1573 0.41752407749072423
1574 0.33690612813145987
1575 0.2984444668062804
1576 0.2603634565184097
1577 0.24851910230901086
1578 0.21832455844340354
1579 0.2000594853619627
1580 0.22699288397271258
1581 0.48497503010768983
1582 0.481945973806804
1583 0.4814571797095432
1584 0.4745612574299276
1585 0.5022958600578756
1586 0.505207683066648
1587 0.5079811091554174
1588 0.5116962842627392
1589 0.5125988535991326
1590 0.5109292484014879
1591 0.5054845939002892
1592 0.5122341414291119
1593 0.5415465083821978
1594 0.5308499302204347
1595 0.5228964391043699
1596 0.5112902231805769
1597 0.5465579819207482
1598 0.4189489613939004
1599 0.3674192344567755
1600 0.3365900198557168
1601 0.406906457293541
1602 0.39224990905849766
1603 0.39062195936780225
1604 0.3905048678305585
1605 0.42506554481235925
1606 0.3820303286952028
1607 0.3641791276175624
1608 0.34004877371999837
1609 0.1881390115488635
1610 0.23392653592046822
1611 0.2524990415346453
1612 0.27324654012320854
1613 0.5206314129505712
1614 0.5904327484179221
1615 0.5619934051005503
1616 0.5242230699734558
1617 0.5450869600013868
1618 0.5780658492334488
1619 0.5751327467696266
1620 0.5659233622250126
1621 0.5504174466269964
1622 0.5414329102084938
1623 0.5326020993821725
1624 0.520714772230001
1625 0.45334142850293646
1626 0.44176351511147516
1627 0.4411680986153279
1628 0.4381654382820126
1629 0.5077194684424678
1630 0.5449618307916037
1631 0.5149687763149783
1632 0.4920128724967232
1633 0.5145801078222787
1634 0.492656905679658
1635 0.47403486136915846
1636 0.4486710957020373
1637 0.3151419447906757
1638 0.5954640519656538
1639 0.5917893233980333
1640 0.5825940064840953
1641 0.5415679198540759
1642 0.5839408656791806
1643 0.5935281625772977
1644 0.6042502475288853
1645 0.5977319774385148
1646 0.4860451056049676
1647 0.47681330222845436
1648 0.4605548700416119
1649 0.49221293301135116
1650 0.4043793416748895
1651 0.3700378752470423
1652 0.3309172342235273
1653 0.27969613334985743
1654 0.37592998020849955
1655 0.3949154042646902
1656 0.4114963835706291
1657 0.38230756136575744
1658 0.30114594355310603
1659 0.28653533089838684
1660 0.2742437019426442
1661 0.28243192812248213
1662 0.30456833253383775
1663 0.3190585735497743
1664 0.3310849377815527
1665 0.46643496232390613
1666 0.4791750006454282
1667 0.48091615810601485
1668 0.47319080621671716
1669 0.5448518899764784
1670 0.5888622524873631
1671 0.5825022374381809
1672 0.5638968152206353
1673 0.5175486602469151
1674 0.39798212803362104
1675 0.36277061842977565
1676 0.31803318861887797
1677 0.39696356243031683
1678 0.48709408987502867
1679 0.4960812115780761
1680 0.4868227266153943
1681 0.4372491972895441
1682 0.40885659411339875
1683 0.382774238673894
1684 0.3436116307393742
1685 0.43808104686246224
1686 0.46626728583665383
1687 0.4770200080611569
1688 0.49450345344353414
1689 0.3742387365863046
1690 0.3264057916381378
1691 0.37244937931313454
1692 0.4148966445485089
1693 0.5065764919663039
1694 0.49754739818616145
1695 0.503633602425035
1696 0.5036457879916095
1697 0.47298589702663707
1698 0.4717891922760556
1699 0.48682277925529255
1700 0.491523978063711
1701 0.4795962737425992
1702 0.33635381492527505
1703 0.3168466856234339
1704 0.3439138505110511
1705 0.3800560908413034
1706 0.42442736284906013
1707 0.44091014989897154
1708 0.42846842549988623
1709 0.4019291533922542
1710 0.3482342281390384
1711 0.34592605690992734
1712 0.3491515662803139
1713 0.44217624531169564
1714 0.34830838493629857
1715 0.3156483511641942
1716 0.27676192327567944
1717 0.23088150541405592
1718 0.2722676751478632
1719 0.27125016615093095
1720 0.3037241710108999
1721 0.43576091154817875
1722 0.433115665974334
1723 0.4324448327142701
1724 0.42666010406049015
1725 0.31384250775182154
1726 0.2950925801226185
1727 0.3669003178610581
1728 0.44087572736088265
1729 0.28494202021899917
1730 0.178198841954806
1731 0.20846931110354186
1732 0.230798917228406
1733 0.34521986095920376
1734 0.6002201707141512
1735 0.6389050848510572
1736 0.6640230676077726
1737 0.5974878253891757
1738 0.524725123610548
1739 0.5431458688273573
1740 0.5569034148150663
1741 0.3708699767424986
1742 0.3842754162087216
1743 0.4234091599228771
1744 0.46653808040465683
1745 0.2786543425463385
1746 0.21535033099696507
1747 0.2308456218624336
1748 0.2478214850955082
1749 0.3285116841219468
1750 0.4612511779953759
1751 0.4907031633707873
1752 0.5236285536501822
1753 0.5823132761447527
1754 0.538973863641782
1755 0.5488004214393009
1756 0.5458446931540645
1757 0.5032479934868939
1758 0.5208743213727314
1759 0.5199765143969083
1760 0.5181190587717317
1761 0.5516192145902241
1762 0.5611182104028704
1763 0.49182903629090646
1764 0.32467538299349197
1765 0.5036554246487509
1766 0.5245170552322249
1767 0.5351517634246247
1768 0.5550851697913294
1769 0.6218383583015594
1770 0.6167877695413672
1771 0.6237310898983511
1772 0.6251540824537687
1773 0.575572309378673
1774 0.5501335671185705
1775 0.5079807626547622
1776 0.48131256822487006
1777 0.32985160964788324
1778 0.40452690657670926
1779 0.4056273362880572
1780 0.38085379363219113
1781 0.4669405143963005
1782 0.5152467956915943
1783 0.5026857754794082
1784 0.4733299464184274
1785 0.43476768444348873
1786 0.3945772609474278
1787 0.39276228169881
1788 0.4101961208142529
1789 0.495111498172039
1790 0.5148332924131707
1791 0.5371456575040883
1792 0.5483641303192578
1793 0.6021123898329832
1794 0.564801371967893
1795 0.5626177347144495
1796 0.5446634256438452
1797 0.6381321253391876
1798 0.5284144794342767
1799 0.43842278633289006
1800 0.35226245216633756
1801 0.31259644675061304
1802 0.3214926986873562
1803 0.32038594530318815
1804 0.31568859624748136
1805 0.3582756125463166
1806 0.36568263603608997
1807 0.35702874037556565
1808 0.3590139848229949
1809 0.3415074208823864
1810 0.34957440833494324
1811 0.3318387361082964
1812 0.3332589821919277
1813 0.43086128550376107
1814 0.49065844195116576
1815 0.5124862120165885
1816 0.4744222552794879
1817 0.3660891061096421
1818 0.5700374234435469
1819 0.5212334312035182
1820 0.48136293792379664
1821 0.3048598859745657
1822 0.3222212868174473
1823 0.35004745224044503
1824 0.377462162219342
1825 0.3295923330043227
1826 0.17257981491409424
1827 0.25338250122269484
1828 0.3392728541389243
1829 0.5620338187546852
1830 0.5873975240442517
1831 0.5663553238325681
1832 0.5433946465666635
1833 0.3484502962856655
1834 0.4301598260180749
1835 0.423110278537321
1836 0.4184324024621469
1837 0.5252701445363558
1838 0.6024351869144969
1839 0.5964658477232899
1840 0.5897179829037147
1841 0.5205766483726333
1842 0.5133388580722332
1843 0.49334860265202013
1844 0.4586170417250363
1845 0.554012777762666
1846 0.5039308550463379
1847 0.507202308399825
1848 0.5119499249397721
1849 0.6271686961414331
1850 0.6356651468130983
1851 0.6276077095638776
1852 0.6125000971712641
1853 0.3821866615862417
1854 0.19102618089204593
1855 0.26405251368201044
1856 0.3328293010195423
1857 0.4212690857817905
1858 0.42279916255400807
1859 0.48748202927083534
1860 0.4885511732962572
1861 0.4231664224294606
1862 0.4322265722551816
1863 0.4066089038234458
1864 0.3854608695831769
1865 0.3299478801767428
1866 0.3208719501369245
1867 0.28445849183728267
1868 0.26289158914453015
1869 0.3221434449258797
1870 0.18718448755898717
1871 0.17608497844499155
1872 0.1904677689090114
1873 0.32182179454189097
1874 0.5413922519331453
1875 0.5648815555888315
1876 0.5882195667817399
1877 0.5095486875280127
1878 0.4475089740918031
1879 0.41565686832613247
1880 0.3682371545593803
1881 0.2810161571531352
1882 0.28235008430644254
1883 0.2997290338633154
1884 0.2977170909670569
1885 0.5004748961358008
1886 0.5649315722186306
1887 0.575394545982186
1888 0.5844826858583407
1889 0.6255037298518177
1890 0.643770988135953
1891 0.5939076585056653
1892 0.457930235546373
1893 0.30888344263988354
1894 0.19016260658779013
1895 0.21679957430412097
1896 0.21348735296969087
1897 0.3695648452999861
1898 0.37914877930175084
1899 0.35436965180675845
1900 0.383042507862443
1901 0.5621460315133818
1902 0.5056675880575829
1903 0.5055061576792172
1904 0.5077841084901775
1905 0.4450224856085384
1906 0.45324844083461296
1907 0.4512768344847486
1908 0.45160390666243927
1909 0.3041247408837407
1910 0.2788874441059051
1911 0.28425131087530764
1912 0.28980456511836866
1913 0.21135047059776874
1914 0.2054472429853806
1915 0.2218406084052294
1916 0.25445980393383005
1917 0.44257234362410763
1918 0.3933253015144716
1919 0.3468700756913228
1920 0.2879727320158733
1921 0.43917578640540345
1922 0.3843340792138565
1923 0.3726366130226843
1924 0.3552985520365031
1925 0.5598580123924354
1926 0.602732580324206
1927 0.6194915186518801
1928 0.6348088909885466
1929 0.5637766647540924
1930 0.6317171089331988
1931 0.6387923513228145
1932 0.6461778840972743
1933 0.4929509076582072
1934 0.28837965549391115
1935 0.25177976133587987
1936 0.26880844984970886
1937 0.44941198931974924
1938 0.47317284902968326
1939 0.43360623516386015
1940 0.41574138153594686
1941 0.36952027676291654
1942 0.2938106039871411
1943 0.2824039845604414
1944 0.3099253034762488
1945 0.3545059717919265
1946 0.5191111897016242
1947 0.5431701773782251
1948 0.5513481864201035
1949 0.6284204832413575
1950 0.5581665079557879
1951 0.5503736889227817
1952 0.5813162712898692
1953 0.5522953417221249
1954 0.5635344953153789
1955 0.5703341935012255
1956 0.563415466749706
1957 0.48819568790998563
1958 0.4021586895007915
1959 0.3966624726586972
1960 0.3720582324179817
1961 0.38776221605750577
1962 0.4585028999362681
1963 0.46523574480183527
1964 0.4719800047333391
1965 0.4818780732714995
1966 0.478867545662732
1967 0.4903652893083453
1968 0.5028028986223226
1969 0.48013306067028466
1970 0.4744226349254452
1971 0.4799152391709091
1972 0.48465704319305086
1973 0.5213777385630256
1974 0.5021569699954985
1975 0.2839635929938355
1976 0.410873552813737
1977 0.2974707310784469
1978 0.34966395480814816
1979 0.3472779412071601
1980 0.3371848815015923
1981 0.34200251719826974
1982 0.3117240358356629
1983 0.32533295958329556
1984 0.34455475533459556
1985 0.40940287130426867
1986 0.43319222426513204
1987 0.4459502581209346
1988 0.45162873905601864
1989 0.5289207940219214
1990 0.47196019204303225
1991 0.42412684876635515
1992 0.35724083292182873
1993 0.5318877281807646
1994 0.5347399881635484
1995 0.5521729984413901
1996 0.5736844467250066
1997 0.6221149605821281
1998 0.5463287164578102
1999 0.48347782962231994
2000 0.35832497918736445
2001 0.5494796671655356
2002 0.619080355653272
2003 0.6214326066091261
2004 0.6172193845340835
2005 0.6149310911396627
2006 0.6110672058763381
2007 0.6065809538695233
2008 0.6025904452623185
2009 0.6070099672253623
2010 0.6243876790964167
2011 0.5086635896288775
2012 0.271349157548485
2013 0.2942672168680939
2014 0.4820631099584581
2015 0.5813591776781023
2016 0.6079384902836229
2017 0.4945760153664924
2018 0.4285425043041574
2019 0.45510560886160883
2020 0.46723844916646623
2021 0.4390983304389285
2022 0.33051834895835963
2023 0.2979356651745412
2024 0.2693545196133413
2025 0.39510859557111744
2026 0.489926923859482
2027 0.5205118427213141
2028 0.5375137039359119
2029 0.5283673213615785
2030 0.5929997969846933
2031 0.6034198884292897
2032 0.6141564907483216
2033 0.6203036182171542
2034 0.6316817698652891
2035 0.6362806849159659
2036 0.6377427683836567
2037 0.6140158206837808
2038 0.6112176400393199
2039 0.611375634880314
2040 0.606894169318994
2041 0.6243077404937517
2042 0.5852703303173834
2043 0.5341903028784357
2044 0.4368992243307071
2045 0.42076642162518096
2046 0.40529088296596566
2047 0.3915428237783054
2048 0.3602945893548538
2049 0.501321083767449
2050 0.4472100978872938
2051 0.433219604916393
2052 0.4315689425575205
2053 0.4604741099262868
2054 0.4465322240958778
2055 0.47240742586821555
2056 0.4998511390952067
2057 0.3513454322115852
2058 0.41725018939244574
2059 0.43831855587716256
2060 0.46639555356682727
2061 0.2331728266057607
2062 0.27075141538684444
2063 0.26951665728370366
2064 0.28555911911572346
2065 0.21564526204411275
2066 0.19784112246606425
2067 0.3503386231829953
2068 0.4961962398476468
2069 0.48990814383729897
2070 0.47816578479321836
2071 0.4540236204838372
2072 0.4313912206277765
2073 0.4755744413945378
2074 0.5501602056446022
2075 0.5622719264999302
2076 0.5677066596907372
2077 0.555029880817411
2078 0.4925725839101415
2079 0.4668140694551499
2080 0.4323350581631653
2081 0.18703288496515544
2082 0.37085390045710326
2083 0.41365905475431497
2084 0.4611740048705252
2085 0.6051120183256463
2086 0.3604906462394006
2087 0.3249255509130532
2088 0.3068937160735283
2089 0.3511742839621049
2090 0.3762700018650304
2091 0.36730709625742297
2092 0.3581060463085919
2093 0.4435930461596823
2094 0.48112259285901493
2095 0.4931021652276687
2096 0.5051038169100116
2097 0.5003641092501968
2098 0.5410733313142814
2099 0.5536734073589549
2100 0.5625984777550507
2101 0.5318197185467993
2102 0.5250746396997998
2103 0.5123049896307396
2104 0.49938886135420335
2105 0.6110453439507162
2106 0.6158800475844945
2107 0.6010586328098491
2108 0.571881860876342
2109 0.3630314441114324
2110 0.3754793868842849
2111 0.39348642544607776
2112 0.4043924916078254
2113 0.46555781946419295
2114 0.48179342415907617
2115 0.48718550953193684
2116 0.4915324842567166
2117 0.5222743989417745
2118 0.5104083031883547
2119 0.5372524139403787
2120 0.5570664594602153
2121 0.52658869078851
2122 0.5353822875142491
2123 0.5371630255642289
2124 0.5424839464725377
2125 0.5940667208689947
2126 0.6415475764195329
2127 0.6403892217062829
2128 0.6361609236005639
2129 0.6465965008704222
2130 0.6455644955870549
2131 0.6457133192901536
2132 0.642712594825545
2133 0.6309349391530933
2134 0.6160043964396985
2135 0.617722502282045
2136 0.6142598398022391
2137 0.6240677563604491
2138 0.5759321248261134
2139 0.5589491489844395
2140 0.533841138954528
2141 0.38762933426709123
2142 0.551072075978157
2143 0.5717042075157985
2144 0.5829768710281903
2145 0.46145582375673955
2146 0.41674954958897087
2147 0.39946474717094765
2148 0.3887345511338964
2149 0.29107152149126
2150 0.33835650503504755
2151 0.3469493676575892
2152 0.36448431034491
2153 0.4835366604528483
2154 0.5177808345928983
2155 0.5266936774534612
2156 0.5382622670558127
2157 0.5486347930289721
2158 0.4697642861929088
2159 0.43322566974255333
2160 0.36757375782310037
2161 0.3573546175093119
2162 0.3534774375572781
2163 0.3527686469685392
2164 0.4111395647459371
2165 0.4100083931854883
2166 0.4310493193957383
2167 0.4571385504355854
2168 0.48330477263251487
2169 0.5072391896798534
2170 0.5238259124106338
2171 0.5220683842616927
2172 0.5198179569465035
2173 0.5095731409289953
2174 0.4589531652767963
2175 0.4225562976356306
2176 0.3769674466552091
2177 0.3731299448343699
2178 0.6202512602114231
2179 0.6136262957803142
2180 0.6051496403106005
2181 0.6079510148702189
2182 0.444473507539822
2183 0.4570022023808509
2184 0.4829336303365088
2185 0.41182224311354404
2186 0.2945822909358314
2187 0.2688011536237169
2188 0.27225921007480147
2189 0.3917406035426434
2190 0.5142180786102821
2191 0.48478360310928276
2192 0.44938982720881243
2193 0.531982844966764
2194 0.5414044937352032
2195 0.5613222225808747
2196 0.5802981244624923
2197 0.6040506279505599
2198 0.6111359311034712
2199 0.6129727988723329
2200 0.613850510550398
2201 0.6511887420659127
2202 0.6382261489714445
2203 0.6308088579834593
2204 0.6242381686183688
2205 0.5919512143501424
2206 0.5441805042957311
2207 0.5321496811368476
2208 0.5142765890036026
2209 0.528435338230303
2210 0.5920811555016848
2211 0.5475920247694386
2212 0.2932933856949391
2213 0.37354025306076616
2214 0.4949834742564416
2215 0.5165832543648976
2216 0.5263198087322308
2217 0.29073314551823726
2218 0.39031531424809357
2219 0.4015892085045796
2220 0.41117688317036294
2221 0.4440963811585194
2222 0.48119726276594976
2223 0.47133266624645387
2224 0.45758491377053917
2225 0.5214389995342725
2226 0.5726394471895841
2227 0.5853938324242716
2228 0.5926570999969345
2229 0.592828294197194
2230 0.5784245142818136
2231 0.5696684591304227
2232 0.5476003923620807
2233 0.22536248593407793
2234 0.39951183639610377
2235 0.41373439238649057
2236 0.42935475282803304
2237 0.41372983109146205
2238 0.37862312546352167
2239 0.3469135339826718
2240 0.31859891775058263
2241 0.4914216278397639
2242 0.49875690246065657
2243 0.4940479242271133
2244 0.4953934561469353
2245 0.47883743633920633
2246 0.4039239734777271
2247 0.2672843497887389
2248 0.30703984438787923
2249 0.24139991531342475
2250 0.17365101189914595
2251 0.22025297779647093
2252 0.26347306776429424
2253 0.16447122621696314
2254 0.4236480990411196
2255 0.44267522643544643
2256 0.45994425221773566
2257 0.3737814371224961
2258 0.3618088668978958
2259 0.36551372672823335
2260 0.3884572038118042
2261 0.4979566915205757
2262 0.5138974400494108
2263 0.5182797646497566
2264 0.5194629627422259
2265 0.558271393825568
2266 0.6120384827404509
2267 0.6154876588518218
2268 0.6045735302664614
2269 0.48101130668242226
2270 0.4686624964218179
2271 0.47331691918021274
2272 0.47752712580335016
2273 0.3574716478715436
2274 0.2744083057416549
2275 0.30584597163171445
2276 0.3827312355003076
2277 0.23667754962901208
2278 0.262009446770565
2279 0.2559174711048834
2280 0.28027765179583325
2281 0.3572556742707722
2282 0.33419599834514546
2283 0.3486907635170069
2284 0.3495651519690422
2285 0.6683268511629061
2286 0.6437906622460927
2287 0.6351393373505191
2288 0.614574322797281
2289 0.7027275404868307
2290 0.666483376135111
2291 0.5109849540570858
2292 0.2579531057594932
2293 0.6437974248392706
2294 0.5865367148282437
2295 0.5583175815223715
2296 0.5506734982618529
2297 0.6257631162085826
2298 0.6480633640860407
2299 0.6342059121663168
2300 0.6157844655585798
2301 0.47940751821712024
2302 0.4694706687591356
2303 0.46084317953897147
2304 0.4386698043093419
2305 0.3656077014879404
2306 0.2937751710852917
2307 0.31545026259977454
2308 0.41236633614104434
2309 0.2671846724898489
2310 0.32619697531747727
2311 0.4136238857985073
2312 0.5004160297051944
2313 0.5153309101962453
2314 0.5385584184572786
2315 0.553142095633916
2316 0.5629993071519367
2317 0.48364689527076554
2318 0.48959100943418
2319 0.4934881758520695
2320 0.5154417141140557
2321 0.41976185358049556
2322 0.3705714185718951
2323 0.364954491770901
2324 0.3457321606488967
2325 0.5304421387537586
2326 0.5567975629313576
2327 0.5320164337146246
2328 0.47446472191629685
2329 0.35351224755088
2330 0.37141656753876834
2331 0.3752014342811836
2332 0.3768667632913943
2333 0.3316647350372247
2334 0.3309830734451389
2335 0.33273109135492884
2336 0.3389800546532955
2337 0.47647256957462525
2338 0.5411243893285341
2339 0.541558478770916
2340 0.5523010841233983
2341 0.35442535946535425
2342 0.4200002679167819
2343 0.4078703587247664
2344 0.41094349613625786
2345 0.4258173938323269
2346 0.6378082837143227
2347 0.6582076375739706
2348 0.6847467228945741
2349 0.48607667320147285
2350 0.2929386342869644
2351 0.29104380929718043
2352 0.31123073983085986
2353 0.2890802482547276
2354 0.3169501957143957
2355 0.3356582199744735
2356 0.32434604398717265
2357 0.5505744572880068
2358 0.6676851561895579
2359 0.6716087223509876
2360 0.6608429933931218
2361 0.5353283026946937
2362 0.52195065696916
2363 0.4901718995275383
2364 0.44666762475459104
2365 0.6991776189364955
2366 0.6827330648630362
2367 0.6193317259795645
2368 0.5496401641310843
2369 0.46339527368358857
2370 0.37431982435232597
2371 0.31693084866556565
2372 0.23011613869412986
2373 0.4772965430254646
2374 0.5360959341161383
2375 0.5405676901933731
2376 0.5446797977380599
2377 0.6139696979750482
2378 0.625717815323297
2379 0.6229994447048169
2380 0.6121000022347114
2381 0.608443608616654
2382 0.3478031903578583
2383 0.27400624643655686
2384 0.2790852266075599
2385 0.361299970653833
2386 0.4785022640165985
2387 0.5088914499575439
2388 0.500232731814148
2389 0.33103470788280587
2390 0.34576710788111303
2391 0.35059000635520604
2392 0.37312774418463945
2393 0.37694107214588257
2394 0.4218886224420055
2395 0.4192963284629983
2396 0.4137973670647888
2397 0.2952868238248487
2398 0.29810103287253725
2399 0.2811493730800924
2400 0.27141869340319874
2401 0.1811723598865395
2402 0.44649575970058014
2403 0.5043262933053559
2404 0.5468397619106885
2405 0.3587075268535594
2406 0.22982374961387236
2407 0.2503708277584399
2408 0.3290291233710745
2409 0.1889620670649371
2410 0.1852570311904908
2411 0.17786118263428227
2412 0.1882513783181935
2413 0.5944750973700249
2414 0.7375735684857896
2415 0.7559228913768332
2416 0.7706527376461393
2417 0.7126497557519824
2418 0.4907569517635229
2419 0.5081102703039564
2420 0.499419480523159
2421 0.42302756517057477
2422 0.5162205674585679
2423 0.5547711604523581
2424 0.5461174919689555
2425 0.48476837404709516
2426 0.22835119231833098
2427 0.3504355135273312
2428 0.45007197942333066
2429 0.27261617200479055
2430 0.32623449933096843
2431 0.3466672674122863
2432 0.35396079794408836
2433 0.4466752529339288
2434 0.4392807190432874
2435 0.43161171257394204
2436 0.39928138617571496
2437 0.40003860344848163
2438 0.5372333253977246
2439 0.5544751670875026
2440 0.5626670281604657
2441 0.5111391432593237
2442 0.28033888341971996
2443 0.3513973090087539
2444 0.3828077566898857
2445 0.2319114898175175
2446 0.4338748634450967
2447 0.46406322230899244
2448 0.4794658170792358
2449 0.5458158927127518
2450 0.5891683875542832
2451 0.581589417043245
2452 0.5690607444392433
2453 0.5378151908937007
2454 0.5445934009366926
2455 0.5067951535020958
2456 0.4832905670458964
2457 0.3701297561521616
2458 0.5714453593074466
2459 0.6076612450771324
2460 0.6596311152332095
2461 0.564338706700788
2462 0.49803603517434075
2463 0.4740137031553645
2464 0.4603769516949945
2465 0.33490705167868845
2466 0.4128258713836215
2467 0.4625386360509787
2468 0.49929743350978345
2469 0.3809947294289907
2470 0.31049008478601764
2471 0.31924576923017367
2472 0.3334790935852717
2473 0.2901564232666847
2474 0.45185331207796925
2475 0.47544378431767476
2476 0.5022905609602436
2477 0.6843606205598571
2478 0.67533459524823
2479 0.6543659196986574
2480 0.5942725559311304
2481 0.5683167740650613
2482 0.5888806942790628
2483 0.5924848752657941
2484 0.5854939269158953
2485 0.4386340291947283
2486 0.3101236322867168
2487 0.30698703119876
2488 0.34291106766079354
2489 0.3912242095051968
2490 0.4250127859544433
2491 0.4292157649473528
2492 0.438379023179697
2493 0.4179461858140541
2494 0.391088439082103
2495 0.4182708844981265
2496 0.4281629113479498
2497 0.6348392945913379
2498 0.6091154604299743
2499 0.5913463476389149
2500 0.5630674268785435
2501 0.48093702042351244
2502 0.26926264594439714
2503 0.354965182523969
2504 0.4939876759256852
2505 0.34492376762666765
2506 0.42013581317341525
2507 0.4368158828195742
2508 0.4542421517226183
2509 0.33978375206857825
2510 0.2871566409673134
2511 0.27717554117430737
2512 0.2526710454712491
2513 0.34885327857426784
2514 0.36278100838206867
2515 0.38146527442615324
2516 0.3700230109743283
2517 0.3052935110590142
2518 0.34342904309304134
2519 0.3845770571790794
2520 0.39679155034374874
2521 0.4562987488018675
2522 0.40164166368867266
2523 0.41620323391044045
2524 0.4572876687391357
2525 0.5248983800372742
2526 0.39245999757878747
2527 0.333451717775113
2528 0.2989486158810017
2529 0.4420543193982669
2530 0.4946644035557115
2531 0.5111270103582716
2532 0.5583470058691905
2533 0.6332455816853478
2534 0.6761649266437376
2535 0.6897294645338341
2536 0.7012889079444535
2537 0.6670457828705747
2538 0.473105667068678
2539 0.4351224549478599
2540 0.4274718814036759
2541 0.34409920959812995
2542 0.4324262947917447
2543 0.4189730765147939
2544 0.4956059412507362
2545 0.41258404243466906
2546 0.3260493363301479
2547 0.2970152646426293
2548 0.3480984811823101
2549 0.28874504198282575
2550 0.3644838033600008
2551 0.3789872903017465
2552 0.3943654437405975
2553 0.294227821167566
2554 0.534824592730478
2555 0.5477877418578427
2556 0.5449860921607613
2557 0.5043053410261478
2558 0.5281290813841957
2559 0.549458011249309
2560 0.5805598974570837
2561 0.4390931119865334
2562 0.5196987399287436
2563 0.5101452216107436
2564 0.5256702426651196
2565 0.4954656526570701
2566 0.4558315095894478
2567 0.47549839059863414
2568 0.484116545268274
2569 0.6386198432067373
2570 0.5442449051752792
2571 0.4721747122275547
2572 0.3579391914412606
2573 0.22873937093075533
2574 0.25950952344203065
2575 0.33110231470584767
2576 0.3729904939762473
2577 0.3524083075801242
2578 0.30241126148146563
2579 0.3390654403434254
2580 0.3216994558298534
2581 0.42146306617566087
2582 0.5493046722597449
2583 0.5646549331362438
2584 0.575039738920602
2585 0.4309677758572491
2586 0.4491961236894091
2587 0.45077731950336053
2588 0.467362304816503
2589 0.3816310581545756
2590 0.5206041919597562
2591 0.4910373157828895
2592 0.4896101412961638
2593 0.3569418350305904
2594 0.43395573002243254
2595 0.5016677673980894
2596 0.5517401334961721
2597 0.6860216147903581
2598 0.3034453873178274
2599 0.30070795236296766
2600 0.30764175834486573
2601 0.35408772694905977
2602 0.4202881030982816
2603 0.4301863296248781
2604 0.4354648920375116
2605 0.6889059722692438
2606 0.7181545822067509
2607 0.7147431317355867
2608 0.704602074826074
2609 0.507133046445361
2610 0.38141565280801926
2611 0.31706568312571753
2612 0.3516381382144519
2613 0.5438781116280418
2614 0.4765090907404362
2615 0.48110008560207534
2616 0.47802511841144374
2617 0.4581597150407205
2618 0.45637721435901146
2619 0.43972129276247673
2620 0.42301573872502
2621 0.560270960391333
2622 0.6500295489175734
2623 0.6698225308227415
2624 0.6945285046784162
2625 0.7450014146677062
2626 0.722638506771711
2627 0.7075943648119942
2628 0.6794251360644704
2629 0.4797431413177123
2630 0.4622912336697464
2631 0.4613505377698906
2632 0.450904784913921
2633 0.41428940334852726
2634 0.4087991742729386
2635 0.39748187380276584
2636 0.383774142448738
2637 0.36761154322645395
2638 0.36567112227990484
2639 0.35747201616235197
2640 0.35099562196228473
2641 0.2458431112125587
2642 0.33854084792316896
2643 0.34695097718395546
2644 0.36947985148911
2645 0.4783156100750111
2646 0.5340359357424916
2647 0.5450035403790394
2648 0.5555733786476182
2649 0.5432652094819346
2650 0.4912598547927304
2651 0.4660653613764756
2652 0.4412449873334958
2653 0.4350454846422278
2654 0.4531266087978142
2655 0.45278764465758337
2656 0.46537039734918506
2657 0.4960038073953001
2658 0.4640125815044349
2659 0.4659808362062937
2660 0.46279999112322134
2661 0.5015104927185139
2662 0.49462629921269013
2663 0.507657155723423
2664 0.5064945523545108
2665 0.5539081060817034
2666 0.5870900273626839
2667 0.5927971117773788
2668 0.5904376822332831
2669 0.4275374424855356
2670 0.2773127214788566
2671 0.3077995141868824
2672 0.3322921737612077
2673 0.2748499235280965
2674 0.2804999193283863
2675 0.28903535952665865
2676 0.2957898450865557
2677 0.2827929191312489
2678 0.2697823799746461
2679 0.2997592520817301
2680 0.3419662663984779
2681 0.5034493600100054
2682 0.5638411820438526
2683 0.596426579640136
2684 0.625661020066706
2685 0.4627211097184837
2686 0.4796018292932517
2687 0.47218029510860254
2688 0.4634136672824356
2689 0.47745023778211554
2690 0.43637631800598464
2691 0.4188795451176424
2692 0.40459324511995143
2693 0.2984335314540303
2694 0.2954215345160222
2695 0.3181341318251458
2696 0.34064619887934233
2697 0.496258955329045
2698 0.4924983043695611
2699 0.48134253898101687
2700 0.4677188941882619
2701 0.23585745972450053
2702 0.24147005038659589
2703 0.28935125306842296
2704 0.38929105743227516
2705 0.44547736742295824
2706 0.32667608479078597
2707 0.3027283558292436
2708 0.2674381249886455
2709 0.24806213780128944
2710 0.3081770944256294
2711 0.3418356275741004
2712 0.4088383162589954
2713 0.43012384161647715
2714 0.30181734560912005
2715 0.3236877775559449
2716 0.3384897737394912
2717 0.372955465221578
2718 0.40434769228367207
2719 0.4334499074674565
2720 0.45595950521232936
2721 0.3283217682692492
2722 0.4456633309510496
2723 0.4842114799843075
2724 0.5246947864519458
2725 0.6595401183848065
2726 0.5856339557038097
2727 0.5426382219686253
2728 0.5491304841620852
2729 0.5237044754654115
2730 0.45495115721221496
2731 0.4658636237834655
2732 0.47029891740396107
2733 0.5722284618829863
2734 0.6008583807549901
2735 0.6090957840214637
2736 0.6123171590116154
2737 0.672739648929815
2738 0.5253954145262155
2739 0.45259210335718086
2740 0.44317247637213597
2741 0.4222777628127088
2742 0.4536895434837385
2743 0.45252469765714776
2744 0.44432510181826274
2745 0.3906883975352157
2746 0.4179059851655692
2747 0.4574608831012727
2748 0.497261385487292
2749 0.3662866176192947
2750 0.33221139361077756
2751 0.3335795558046671
2752 0.3285455397449115
2753 0.2990193844914906
2754 0.38693785015086984
2755 0.4151711467660411
2756 0.4390011036226856
2757 0.3495756915389685
2758 0.29048299193667865
2759 0.29641096913120596
2760 0.29792846503607545
2761 0.5560273048484017
2762 0.5984163984375928
2763 0.5780611857997549
2764 0.5509092038271445
2765 0.4679381435416128
2766 0.47175246118435316
2767 0.4379403048222669
2768 0.4046048470232524
2769 0.5963687801953386
2770 0.5665327688023066
2771 0.5430469895593979
2772 0.5235811794397655
2773 0.329824454454499
2774 0.37873069570010354
2775 0.34755105109177886
2776 0.320970641596485
2777 0.4467709097304621
2778 0.38117819380223605
2779 0.4310972622763489
2780 0.4751451214568638
2781 0.42645585360019916
2782 0.5810940774680106
2783 0.5868871796934554
2784 0.5880748469207665
2785 0.4915922353856675
2786 0.36206151246704626
2787 0.3289578141592133
2788 0.3687409046776669
2789 0.494348647956698
2790 0.5888169000769468
2791 0.5808904514435751
2792 0.5678763176656841
2793 0.49187110737634476
2794 0.366665881136729
2795 0.31189160404495403
2796 0.31994195258389024
2797 0.27849376384161084
2798 0.34121421161013205
2799 0.346893262797972
2800 0.355076274945562
2801 0.44180663841091444
2802 0.2923207987193334
2803 0.2648362615211079
2804 0.3194584859314055
2805 0.19205852789605235
2806 0.26658167009137906
2807 0.2954674207905526
2808 0.33141157786609704
2809 0.36927020494643636
2810 0.31725523827330787
2811 0.36029641442335486
2812 0.3729665857373128
2813 0.6320874821987645
2814 0.5828255208495824
2815 0.5784846792733347
2816 0.5523090341056903
2817 0.617628676695972
2818 0.40104036382578157
2819 0.28118037270118884
2820 0.22093930201936635
2821 0.6247126689337528
2822 0.6204060535133482
2823 0.6047726296846967
2824 0.5697241105785005
2825 0.7070975563402471
2826 0.7189839243142697
2827 0.7048464944480426
2828 0.6820462623577479
2829 0.5205202313496433
2830 0.4744261282946783
2831 0.41638508648473377
2832 0.36541980160649123
2833 0.21127016441721025
2834 0.3376611690667718
2835 0.3874949293566033
2836 0.4240479135191916
2837 0.22481583470487015
2838 0.29304414162869036
2839 0.3796450405947873
2840 0.4747834993745048
2841 0.5213042163898622
2842 0.5528563493665096
2843 0.5762315381291429
2844 0.5907630669798093
2845 0.5960160125425616
2846 0.615179871275039
2847 0.6263485218704429
2848 0.6432391110502341
2849 0.5185785676400884
2850 0.43848660890955093
2851 0.425180765133334
2852 0.3873006290834277
2853 0.6175312749755938
2854 0.4409789817897444
2855 0.3534396255743968
2856 0.315288983805751
2857 0.21886946134663382
2858 0.24981894881680314
2859 0.27354868803954685
2860 0.29295810446343706
2861 0.3096010944587284
2862 0.24125064478652578
2863 0.24201085810375805
2864 0.2592221111894764
2865 0.39493026785181345
2866 0.49211783107506124
2867 0.5002795604849503
2868 0.519417598241455
2869 0.402992417865694
2870 0.4549332586436951
2871 0.4526092130466594
2872 0.45238229352472115
2873 0.2776971462147659
2874 0.33683504719878404
2875 0.334438959461513
2876 0.349399101362372
2877 0.359259857218014
2878 0.32259617346206537
2879 0.3276490706418365
2880 0.3614277223243142
2881 0.3224470019793211
2882 0.3519114740074884
2883 0.3594581196218078
2884 0.3788577338269909
2885 0.5639189403422287
2886 0.6836864718359865
2887 0.6921878307303909
2888 0.689327332873059
2889 0.5814107320172622
2890 0.5886693390763396
2891 0.5776365096710907
2892 0.5600124820362691
2893 0.2922367452741648
2894 0.4047330417095721
2895 0.42608854207456454
2896 0.43124479010897787
2897 0.46627068277963607
2898 0.38660640813173713
2899 0.32960615741784305
2900 0.27958508619179473
2901 0.4771644457833333
2902 0.4925527475858348
2903 0.49151510221543643
2904 0.4935778603365762
2905 0.6436062027919598
2906 0.6287368734495195
2907 0.6181213547626458
2908 0.5937604750001848
2909 0.46080418158647646
2910 0.2972456268573526
2911 0.30058003132668215
2912 0.33181957961290676
2913 0.3764230239488855
2914 0.3680424234949419
2915 0.39677490525947023
2916 0.3927348953323842
2917 0.3976507298738528
2918 0.4197403862496431
2919 0.4124308908856024
2920 0.39910003197238014
2921 0.38559773122989854
2922 0.42178680106796895
2923 0.4154340124958431
2924 0.40930579750182916
2925 0.24092632596282723
2926 0.3061757675361212
2927 0.30214560225936127
2928 0.30194023094365435
2929 0.2497226402116559
2930 0.46921104012199566
2931 0.5113135058725831
2932 0.5414143598938663
2933 0.3355983544095087
2934 0.27843348349653346
2935 0.34799490423771834
2936 0.40468389384949105
2937 0.23495406245977304
2938 0.2352999485923075
2939 0.24255705393720628
2940 0.2323587632717509
2941 0.5956330268432479
2942 0.7264214279370279
2943 0.7397974925398794
2944 0.752002779785883
2945 0.722610902389492
2946 0.564475469473613
2947 0.5038551509076302
2948 0.49645630001640073
2949 0.4084990540868248
2950 0.48925235787022103
2951 0.5172343359548301
2952 0.4967795110495393
2953 0.4354127878875138
2954 0.1979068189429347
2955 0.2753980952692041
2956 0.3889757508323026
2957 0.19017850495360655
2958 0.23670669121267007
2959 0.25099569453357107
2960 0.2608242679063954
2961 0.36399237129900164
2962 0.4077761241126125
2963 0.4064779733451336
2964 0.3972196922267055
2965 0.371511590635283
2966 0.4304355509678622
2967 0.4089592015251044
2968 0.4151405845811882
2969 0.4311392409413566
2970 0.3057205824043351
2971 0.35027069915376663
2972 0.35418240477012025
2973 0.3371600890828399
2974 0.2275835671209884
2975 0.25352659750760664
2976 0.26788230672890573
2977 0.3300783634182689
2978 0.49805393879493637
2979 0.5125630413719003
2980 0.5242651169822322
2981 0.5625284718840108
2982 0.6354591626941329
2983 0.6254454993135666
2984 0.6221931310502639
2985 0.45880203884307863
2986 0.5963185254507434
2987 0.6055646591603369
2988 0.6238820142756697
2989 0.6070959910564973
2990 0.5482212359017636
2991 0.5141439423682199
2992 0.4962195883242174
2993 0.30008996729952325
2994 0.26897199761433227
2995 0.2545609081121244
2996 0.2462184983267836
2997 0.36197755826829864
2998 0.31109156161409895
2999 0.3204320402622364
3000 0.3283819702721255
3001 0.4785082110813817
3002 0.5709232214507083
3003 0.5779987929514783
3004 0.5736761861205165
3005 0.6704140245611148
3006 0.5213023582824916
3007 0.4215653626294937
3008 0.29975352293710117
3009 0.5645113349434314
3010 0.5721480134638018
3011 0.5393500777380987
3012 0.5102316292604367
3013 0.26741096709906187
3014 0.2764391242431055
3015 0.30377775326160844
3016 0.3318652874320284
3017 0.3828323437257112
3018 0.43429912326257175
3019 0.4436146017256746
3020 0.44849240225238834
3021 0.4411068358026128
3022 0.3639385750019468
3023 0.355913566192278
3024 0.3264259349508025
3025 0.6098406900637794
3026 0.6431346903374435
3027 0.6371029556688186
3028 0.6258363012305203
3029 0.6205960010251939
3030 0.30830694441801104
3031 0.28248666045984056
3032 0.313383416800394
3033 0.2647400860544165
3034 0.21812393482437129
3035 0.2350442366244763
3036 0.2506691767665734
3037 0.24231381649808797
3038 0.3002120728228563
3039 0.29898548935498936
3040 0.2834839437307315
3041 0.2545466781937426
3042 0.2501381686537943
3043 0.26030490979253174
3044 0.24140981223095717
3045 0.31438217083443404
3046 0.34500315838796664
3047 0.32998675007184786
3048 0.3245441564336062
3049 0.36023946823972136
3050 0.5555164578978291
3051 0.5850780730200905
3052 0.6064140785975899
3053 0.6518344829434182
3054 0.5631657818809773
3055 0.4924498742032442
3056 0.3834259037017979
3057 0.4691656281286088
3058 0.5884799919636492
3059 0.6184613258707577
3060 0.6416443945703871
3061 0.6744107560001726
3062 0.67331288525481
3063 0.6754700161457102
3064 0.6693637876683569
3065 0.6008678983235112
3066 0.3803879863767898
3067 0.33588247291956463
3068 0.32684797265538923
3069 0.3786625286283482
3070 0.3295010677280342
3071 0.375237415086547
3072 0.39127463929537615
3073 0.327082206692859
3074 0.25800984813058053
3075 0.2963400703005627
3076 0.3565887904950296
3077 0.31819947922611813
3078 0.28881800359095167
3079 0.29232679762669106
3080 0.3016669859495657
3081 0.2398243621071582
3082 0.44152875428596167
3083 0.48538636952039166
3084 0.5151953804230817
3085 0.38349451111474864
3086 0.5143148448084013
3087 0.5356320619153182
3088 0.5680176475012848
3089 0.37991919146288156
3090 0.3557877915855148
3091 0.3468028651770827
3092 0.3555113957331421
3093 0.40045876534926317
3094 0.46725245269573795
3095 0.5054797381291204
3096 0.5260658178525286
3097 0.6617450841181445
3098 0.5470553725210171
3099 0.46429021588601976
3100 0.3275839588500196
3101 0.21612973841415264
3102 0.38200298821535755
3103 0.4480744090373078
3104 0.4656441829910967
3105 0.2980103197042842
3106 0.38376276133877674
3107 0.3846795226838052
3108 0.35859578446489676
3109 0.4013305281271078
3110 0.5735733202574469
3111 0.5975982030785479
3112 0.6138204621388521
3113 0.46821741230937985
3114 0.5268867161838535
3115 0.5348151760251919
3116 0.5363543817268305
3117 0.3119596457893013
3118 0.4641053248102629
3119 0.43576293149561146
3120 0.4306773938243068
3121 0.4025192454434339
3122 0.48832664580157625
3123 0.5519388854237174
3124 0.6002765521168714
3125 0.5806787116331761
3126 0.21631915177306008
3127 0.10934672618023428
3128 0.10829945697421839
3129 0.2530204360799931
3130 0.34634405934931833
3131 0.37499545226570447
3132 0.38786763868594504
3133 0.6211362002954244
3134 0.6141999814646395
3135 0.6021891920958671
3136 0.5811013502697292
3137 0.4252871406960872
3138 0.33668275298475525
3139 0.34090886883156707
3140 0.37471614608512466
3141 0.6391390465801148
3142 0.5346246171261687
3143 0.5195586063537275
3144 0.49367593711225266
3145 0.5625324262618288
3146 0.5595085315249311
3147 0.5401016601707034
3148 0.519013036543668
3149 0.557104407817142
3150 0.5675933939203144
3151 0.5652430607511992
3152 0.5678139077707669
3153 0.5623454807314883
3154 0.6207817212458705
3155 0.6181896720930702
3156 0.6046826447940931
3157 0.5014202431982655
3158 0.4994110074399263
3159 0.4942398282486033
3160 0.48443794920385863
3161 0.420024362445451
3162 0.3386994539130626
3163 0.3170646814781625
3164 0.29550262906438146
3165 0.1912592617524811
3166 0.22184790980758778
3167 0.22597056917155484
3168 0.2350540615098132
3169 0.20747023932088005
3170 0.26183701431923084
3171 0.27568213497196215
3172 0.2911192179049136
3173 0.5254590755107517
3174 0.6133280643339839
3175 0.6347741835782137
3176 0.6522696470566329
3177 0.6162166187883983
3178 0.5485961247934119
3179 0.5117713414420181
3180 0.4774488323831395
3181 0.3044475733607538
3182 0.4451110176680524
3183 0.46672604364846365
3184 0.49907399828547677
3185 0.6148902145458968
3186 0.5759655864927583
3187 0.5683710191756974
3188 0.5524111440410184
3189 0.5323710738754456
3190 0.5177403772953802
3191 0.5211167720790162
3192 0.5137229226578339
3193 0.5538430298326201
3194 0.5722447878754466
3195 0.5766496505389029
3196 0.5722926976409164
3197 0.28988160250672673
3198 0.196575371876524
3199 0.20750886216336759
3200 0.3014064116378261
3201 0.3358379491483771
3202 0.3993750526470688
3203 0.40513938729890836
3204 0.4142985161234677
3205 0.28432904831672606
3206 0.3489452194759138
3207 0.3704682078356847
3208 0.4072300356792979
3209 0.47805159561903054
3210 0.4952175687141595
3211 0.5155142450783096
3212 0.5371053903081783
3213 0.3472825698228216
3214 0.312928900993738
3215 0.32091285100541217
3216 0.3093063986622672
3217 0.28791375231920685
3218 0.287495261628465
3219 0.289970134905789
3220 0.29997786840601415
3221 0.16256572625654775
3222 0.2157888411324302
3223 0.24967165505093242
3224 0.28767485795819703
3225 0.4562635315897245
3226 0.4477305971577471
3227 0.4335933502591419
3228 0.4181541413376799
3229 0.3127257984060053
3230 0.27204676253862686
3231 0.2661532069176582
3232 0.3190168600764331
3233 0.44934667766556363
3234 0.43360297461834585
3235 0.4673475355398435
3236 0.5009967178839227
3237 0.46450204952769986
3238 0.32298592748956145
3239 0.3340776857469461
3240 0.3449074020640936
3241 0.27975327710928855
3242 0.22181568700748264
3243 0.20955447434658667
3244 0.20005527757143815
3245 0.22613284719037968
3246 0.3746862002044915
3247 0.3766363584677249
3248 0.3715266877752036
3249 0.3245524703250274
3250 0.5302982026200275
3251 0.5626945100283254
3252 0.5983365342773227
3253 0.70454701492619
3254 0.6603448810014679
3255 0.6311746515420713
3256 0.5941123614452269
3257 0.5579666911066671
3258 0.5701855154371024
3259 0.5822453786774474
3260 0.5902355730026605
3261 0.6357485278018548
3262 0.6082816465617462
3263 0.602291463402535
3264 0.5884966852171202
3265 0.6280695933084682
3266 0.5067351573448144
3267 0.38510145083129804
3268 0.27583006903097873
3269 0.29487526703421574
3270 0.38412689757295343
3271 0.3979392982388078
3272 0.40502664165256624
3273 0.3480826425001243
3274 0.4582804766276978
3275 0.49730794274923024
3276 0.5410952764773036
3277 0.3707672351272228
3278 0.1809603136904419
3279 0.18604756449610274
3280 0.1997604256278878
3281 0.22601194919354012
3282 0.25947710271232705
3283 0.28610040542110277
3284 0.30748801330151115
3285 0.26903493605304013
3286 0.2881067252022275
3287 0.2836273017372375
3288 0.27591672593446864
3289 0.447167996102287
3290 0.4836309022305046
3291 0.46284490439059167
3292 0.4507689884557373
3293 0.33944031051490947
3294 0.35044401316511986
3295 0.35509053183638956
3296 0.3559746118995333
3297 0.5345351109657894
3298 0.5889938093307371
3299 0.5792680337760697
3300 0.5724160179712192
3301 0.47296428556201153
3302 0.49858555719181424
3303 0.464943130873152
3304 0.44172158459969907
3305 0.24024374817730385
3306 0.23069195966651168
3307 0.2317232668730232
3308 0.24220057992121102
3309 0.38011276753843387
3310 0.4335064221657709
3311 0.4567872040880019
3312 0.47934255843013046
3313 0.3469780163721939
3314 0.21471546236895755
3315 0.18105667374467185
3316 0.17705857832051017
3317 0.35302563630969386
3318 0.5393970047917949
3319 0.5469470620346617
3320 0.5518026259685878
3321 0.5945363174961912
3322 0.5481764712250216
3323 0.5039114031147569
3324 0.42902625935495875
3325 0.35155884312455715
3326 0.4527030666358813
3327 0.45043028470351876
3328 0.45499682607191466
3329 0.38937548359558627
3330 0.3105533165932539
3331 0.3468192315069707
3332 0.3764158698895425
3333 0.34396371922865093
3334 0.2806312600824494
3335 0.2557352771463681
3336 0.28649200796330637
3337 0.5061198536319687
3338 0.5128336977119523
3339 0.53487906833432
3340 0.5340837896333235
3341 0.6999492214195078
3342 0.6803027308909684
3343 0.6753992416048049
3344 0.6571614370045986
3345 0.7091197335529729
3346 0.6024843852752613
3347 0.4228002409946931
3348 0.28641136373155845
3349 0.6953505877254643
3350 0.6756169340961182
3351 0.6602926355401326
3352 0.6315335875147939
3353 0.6797562012955901
3354 0.6866217882999541
3355 0.6714220706813571
3356 0.6502151075770763
3357 0.4649076363900063
3358 0.3865814744957396
3359 0.36723908732491845
3360 0.33054460687770143
3361 0.2625993230591139
3362 0.20089942193769142
3363 0.26151067747253887
3364 0.3125718178999848
3365 0.191876118290706
3366 0.30984821742286967
3367 0.4041212257874291
3368 0.5112182005737814
3369 0.5385380716046426
3370 0.5672907545669107
3371 0.5919325561148293
3372 0.6072699600364384
3373 0.5776544956665022
3374 0.5701078449635589
3375 0.5702995900778128
3376 0.5773775219197874
3377 0.44499919854625775
3378 0.3472190694929987
3379 0.32421741950368355
3380 0.3089601012810681
3381 0.5684957534330543
3382 0.41471612226022037
3383 0.33809861902339433
3384 0.2610862030307979
3385 0.17871171116766013
3386 0.20104969572304215
3387 0.22494932237367077
3388 0.24346557851208578
3389 0.30767961845912384
3390 0.21171910288208842
3391 0.21494850140846206
3392 0.2389892166484245
3393 0.38288434168937124
3394 0.4876738883443352
3395 0.4983164664180284
3396 0.5204795495941338
3397 0.40544793046133887
3398 0.4450353841052375
3399 0.4424591082078675
3400 0.44883771338366657
3401 0.3066554314991428
3402 0.36977000160239804
3403 0.3691240413844313
3404 0.3708240806387786
3405 0.37145837300742923
3406 0.32585417543805234
3407 0.3489437960545978
3408 0.38118778938959896
3409 0.33982678086483276
3410 0.36643318377730505
3411 0.37023324621566994
3412 0.38366707844397707
3413 0.558857105927887
3414 0.6793788829036442
3415 0.689517537072025
3416 0.6903266845186822
3417 0.5910482726544635
3418 0.6007932595848519
3419 0.5918796536545015
3420 0.577058240421995
3421 0.28979621532743405
3422 0.4031099456391808
3423 0.4266262724040345
3424 0.4349530447585384
3425 0.4652736576702687
3426 0.38131677474387454
3427 0.3203940004560101
3428 0.26770210642109704
3429 0.4786431613841334
3430 0.48267995944591985
3431 0.4846702874410608
3432 0.48350726579151826
3433 0.6406283405995133
3434 0.6213690651958749
3435 0.6090403155466209
3436 0.5812581520297079
3437 0.43844251450077365
3438 0.30812982277105233
3439 0.29296703396316537
3440 0.3251892835076446
3441 0.3826926765186667
3442 0.34986396391440766
3443 0.3795809483238071
3444 0.3736188678998488
3445 0.4025161862034276
3446 0.42651342145394505
3447 0.4200116879446755
3448 0.4083313467124351
3449 0.35457420378336957
3450 0.3913503744913545
3451 0.38504244565023676
3452 0.3825312905199553
3453 0.22715611007807376
3454 0.2976761151992645
3455 0.29724003181252084
3456 0.30056062278750245
3457 0.25640458178508735
3458 0.4706074334911787
3459 0.5098489739115187
3460 0.5400978237004314
3461 0.3353148820474184
3462 0.28935837298945727
3463 0.35855449469388356
3464 0.41411593839457783
3465 0.2299111477191408
3466 0.25363876957223597
3467 0.2649662492858371
3468 0.25838459182845824
3469 0.5744387315794882
3470 0.7162652940361437
3471 0.7289545169297853
3472 0.7410694741999162
3473 0.718643935437846
3474 0.5672205303637499
3475 0.4904114988159542
3476 0.48147237913052954
3477 0.44594634568346275
3478 0.5069975931173148
3479 0.532602749694438
3480 0.5107948743859387
3481 0.4637105054371262
3482 0.1995572067866178
3483 0.25407301272129434
3484 0.3788892883461472
3485 0.19231362216208392
3486 0.2504160177154719
3487 0.2644706389521769
3488 0.27583125005494835
3489 0.36583718186938863
3490 0.4155630429673652
3491 0.4150177190696539
3492 0.40864358090541025
3493 0.3362842014757609
3494 0.4021717263594904
3495 0.37750938718319343
3496 0.376366788720304
3497 0.4290970221608404
3498 0.3108140255889916
3499 0.35990384713065754
3500 0.3659799977951671
3501 0.3140800239198595
3502 0.21982929183538627
3503 0.2399427253396043
3504 0.25207604162372343
3505 0.3473079012053576
3506 0.5084533361755543
3507 0.5196885610185342
3508 0.5300603525163516
3509 0.5804119013671647
3510 0.6589736080553164
3511 0.6533339734651461
3512 0.6532302465554829
3513 0.4951768983573012
3514 0.6069411710383179
3515 0.609621819242502
3516 0.619954675822377
3517 0.6199992632352082
3518 0.5585540055415751
3519 0.5209412439332669
3520 0.5018250419815631
3521 0.333598042696631
3522 0.2668875287156352
3523 0.25179896458325696
3524 0.2397025738999105
3525 0.34210230385809054
3526 0.3152363645979441
3527 0.3235294037069686
3528 0.3300087128596808
3529 0.5201154992401101
3530 0.597371143187842
3531 0.6001316605780631
3532 0.5896138986571192
3533 0.6679291799157505
3534 0.5002953058327583
3535 0.3956906429005849
3536 0.2727178458586132
3537 0.5636906446670356
3538 0.5866996248323306
3539 0.559228126353531
3540 0.5357018720002801
3541 0.30173954964890043
3542 0.26945023770790916
3543 0.293646842386186
3544 0.32122988112902756
3545 0.3560905665004354
3546 0.42317854893868845
3547 0.4358973434246279
3548 0.44141021133617003
3549 0.4313996177722004
3550 0.340103920592946
3551 0.3212124837073602
3552 0.3194689934927973
3553 0.6145399156907654
3554 0.6539093017488283
3555 0.6490088237484662
3556 0.6397671032840293
3557 0.6552197989186349
3558 0.35250996563076925
3559 0.2933623971409298
3560 0.2973140601275725
3561 0.2731129903625761
3562 0.2340211128588407
3563 0.23591394717186773
3564 0.2394492785163713
3565 0.26739400582926753
3566 0.33034740949391456
3567 0.3281367650819437
3568 0.31507036556920165
3569 0.2511610828662892
3570 0.23576489578223903
3571 0.24687494665800402
3572 0.230122979855702
3573 0.3266876038420466
3574 0.3502828538432335
3575 0.3464393244418086
3576 0.34436415390522657
3577 0.3710029455798575
3578 0.5676394589597852
3579 0.5983800108124319
3580 0.6215399601490167
3581 0.6735150174320872
3582 0.5938571144775165
3583 0.5237719969023367
3584 0.4142132069910174
3585 0.49499928869083454
3586 0.6086504011707052
3587 0.6358809706060253
3588 0.6572905282172867
3589 0.6769840222129422
3590 0.6698174318763805
3591 0.6709814371023481
3592 0.6629647651142001
3593 0.5885429397618993
3594 0.3650507814366006
3595 0.31404987979364846
3596 0.30624905994823737
3597 0.3581018699679026
3598 0.3476762943448813
3599 0.38896829575019876
3600 0.40117815051199435
3601 0.35600951929350433
3602 0.26468781404044106
3603 0.2709353727537982
3604 0.3335478380630509
3605 0.322181939182379
3606 0.28421982864839307
3607 0.28526672759669025
3608 0.2973423405940785
3609 0.22675902939348067
3610 0.4302859312356099
3611 0.4785042244057202
3612 0.5124690231096141
3613 0.38692404887783943
3614 0.5164830831339268
3615 0.5348335689347077
3616 0.5641315267572535
3617 0.36706084600384975
3618 0.34583994515896216
3619 0.33543307611386447
3620 0.36561964414743825
3621 0.4021051384367659
3622 0.4691734098979191
3623 0.5098612695539959
3624 0.5323511533861184
3625 0.6757964632045268
3626 0.5714261767605521
3627 0.4909744574488497
3628 0.3411870434952107
3629 0.2222593524584899
3630 0.4174599926453108
3631 0.4758916449426674
3632 0.48755991193383597
3633 0.27258497392019027
3634 0.36446710562540025
3635 0.3698047615878495
3636 0.351012026456821
3637 0.41045541940920405
3638 0.587426224947692
3639 0.6130260552556627
3640 0.6295562286540476
3641 0.47192601279046914
3642 0.5371108351610945
3643 0.5482052063841389
3644 0.5530502818645247
3645 0.290400265005906
3646 0.44296084662712143
3647 0.4166040803692496
3648 0.41528526542407107
3649 0.3998593749775155
3650 0.4585292759805236
3651 0.5303895161494943
3652 0.5889574988997619
3653 0.5624911320353784
3654 0.2015360850111211
3655 0.12891671387607948
3656 0.11685914578157981
3657 0.23765820076542313
3658 0.32751950028274307
3659 0.3545900117784923
3660 0.36683301044199756
3661 0.6061195732829114
3662 0.5981539450845836
3663 0.5851260492406513
3664 0.5625333927125636
3665 0.41092791124312095
3666 0.34270411550159796
3667 0.34645071176004394
3668 0.375517077483775
3669 0.6652731987279468
3670 0.5652404398952863
3671 0.5456551740964821
3672 0.5165103757303879
3673 0.5832074783732765
3674 0.581452273384735
3675 0.562095195956566
3676 0.5389522201164182
3677 0.5543159204932693
3678 0.5515550585161499
3679 0.5462409333778553
3680 0.5448149292125007
3681 0.5248961623234925
3682 0.6018164599384989
3683 0.6020734646196674
3684 0.590581242295839
3685 0.501627095022845
3686 0.498158112836532
3687 0.49290158602182316
3688 0.4840000219090111
3689 0.4300895388203624
3690 0.3484440080528331
3691 0.32673026371947195
3692 0.30371470034401077
3693 0.16013222348868225
3694 0.19344090725538501
3695 0.19995423481607322
3696 0.2100674096606987
3697 0.22407878124506556
3698 0.26425081988882104
3699 0.27743979625608817
3700 0.2929885623123621
3701 0.543346626359818
3702 0.6339874583953703
3703 0.65679021920084
3704 0.674827934163791
3705 0.6371976283800791
3706 0.5698310956559526
3707 0.5313595006750198
3708 0.4963878683873582
3709 0.301000872073821
3710 0.4493545845539723
3711 0.4722632388594377
3712 0.5061825379400295
3713 0.6286199581274734
3714 0.5894119402968966
3715 0.5796429759799047
3716 0.5622131645059614
3717 0.5304078131576845
3718 0.5162968095154384
3719 0.5184869350002651
3720 0.5100038146299368
3721 0.5479329714636928
3722 0.5638115469477483
3723 0.5684165658826037
3724 0.5647041586068542
3725 0.2951144857845031
3726 0.21125312927539233
3727 0.21148015478351428
3728 0.3000101622260953
3729 0.3512655489375163
3730 0.41816921915596095
3731 0.4241911858454869
3732 0.43360054224358463
3733 0.29902048515743124
3734 0.35056722398229506
3735 0.3719633587621438
3736 0.4092600820710456
3737 0.4574408943172153
3738 0.4721622211933822
3739 0.49197921161949004
3740 0.5137536716792096
3741 0.3208837180146534
3742 0.28378797203500267
3743 0.2912147867819856
3744 0.2791714737012613
3745 0.26587968983765475
3746 0.2613652981598938
3747 0.2646973339222979
3748 0.2792435900776395
3749 0.1599993874451126
3750 0.2456742440405636
3751 0.25710690176615625
3752 0.2937523394565226
3753 0.4552833065819044
3754 0.4428830922404319
3755 0.42803303341317833
3756 0.4120614974555237
3757 0.3343145846416728
3758 0.28410304625245325
3759 0.2651395669772012
3760 0.3029677189009284
3761 0.4281872360546995
3762 0.4825059532045293
3763 0.5171306163751264
3764 0.5489041732528541
3765 0.49186472124983416
3766 0.3425748691194174
3767 0.3495479132368382
3768 0.35919005779314306
3769 0.3701923500003332
3770 0.2745999265609995
3771 0.2593930037801207
3772 0.24075182634344203
3773 0.25751159979238936
3774 0.2691674891433767
3775 0.279221252865541
3776 0.28827469692995317
3777 0.37412387374326705
3778 0.5685359217887357
3779 0.5934138404566579
3780 0.6233595391600653
3781 0.7173698504155094
3782 0.6771803953750621
3783 0.6489089556310834
3784 0.6123319782300474
3785 0.5862725969712004
3786 0.6054827526308848
3787 0.6152626225996428
3788 0.6226606775522247
3789 0.674529422036949
3790 0.6416795945415765
3791 0.6298478035825981
3792 0.6096406345640418
3793 0.6090391378668492
3794 0.498603524796474
3795 0.37225916175349294
3796 0.2391647053577921
3797 0.33087812424313434
3798 0.40396250696645225
3799 0.4096525653892099
3800 0.41294870126205885
3801 0.36312573785002716
3802 0.4574072712728029
3803 0.5055021650602954
3804 0.5573941610957258
3805 0.4236906320041832
3806 0.1980717452128449
3807 0.19949749781688397
3808 0.19074619053021782
3809 0.207593465007526
3810 0.2727131934930776
3811 0.2966632695133365
3812 0.324149224670027
3813 0.3310013418493736
3814 0.3050370716476125
3815 0.2944233916254181
3816 0.2810797449625737
3817 0.40830304521077476
3818 0.4325920012816702
3819 0.4169893527677368
3820 0.4110669155846781
3821 0.3041169813635495
3822 0.3302517792426087
3823 0.33722694740096676
3824 0.3418791956605562
3825 0.4340398749070568
3826 0.5268973462456409
3827 0.5292825516325124
3828 0.5345144034307608
3829 0.4214603301111398
3830 0.45771279653131136
3831 0.4340735105310306
3832 0.4239218628985622
3833 0.24008639136786705
3834 0.2340622280339576
3835 0.23529544233348082
3836 0.22279565202026008
3837 0.39620896736238564
3838 0.46360187258717894
3839 0.4635758102980068
3840 0.47019084329543054
3841 0.3928590731348836
3842 0.2722478045359511
3843 0.22147381639425875
3844 0.17737553274177476
3845 0.3950369222416389
3846 0.5336640310280157
3847 0.5425288219961389
3848 0.5498234210238079
3849 0.6147416891700427
3850 0.587518528380828
3851 0.5447535963923832
3852 0.4735193376136496
3853 0.33804068069019566
3854 0.44793354347987624
3855 0.4450614436863415
3856 0.4512427137218764
3857 0.362412942357769
3858 0.3476125597302937
3859 0.3829856043361369
3860 0.4127724001543761
3861 0.38462427643716784
3862 0.29026663130545005
3863 0.2624714860635584
3864 0.2709217461617953
3865 0.5104323466870562
3866 0.5394272102795881
3867 0.5593548983236674
3868 0.5572115620715666
3869 0.7138746869394532
3870 0.6940356260671472
3871 0.6859441597815639
3872 0.666045991008774
3873 0.6908211101759906
3874 0.5654840869301064
3875 0.386266954318418
3876 0.2568030930165991
3877 0.7141886320009787
3878 0.691975807172194
3879 0.6774513289807129
3880 0.6482487030119076
3881 0.6884869054149861
3882 0.6813595637812032
3883 0.6623072948698251
3884 0.6328586842338452
3885 0.45734983816195096
3886 0.3920964493500382
3887 0.3656548023117161
3888 0.32820433049786457
3889 0.2505648617058986
3890 0.20454626239913082
3891 0.2574919742415547
3892 0.2963356790641982
3893 0.20793908724451782
3894 0.2831099741477263
3895 0.3814911842637357
3896 0.4895089917778774
3897 0.5265724162352241
3898 0.5604464248064985
3899 0.5869748895787834
3900 0.6044954571029468
3901 0.5599641804657617
3902 0.5369275921758061
3903 0.5324291036646375
3904 0.5314077424844764
3905 0.44672169512389104
3906 0.3916497020783932
3907 0.39415443290078794
3908 0.37192468763328046
3909 0.3881106485604295
3910 0.22903511743500937
3911 0.2262501661828355
3912 0.22745686880059265
3913 0.48478096905874607
3914 0.43869300742245915
3915 0.42520329031931015
3916 0.40437661222236254
3917 0.22210279661008284
3918 0.24678255959669823
3919 0.2809699933963956
3920 0.373180338423433
3921 0.25265311111224237
3922 0.2803009999482724
3923 0.3052846816041683
3924 0.30214651030410616
3925 0.36871447675111185
3926 0.43510840069245943
3927 0.512307299429271
3928 0.5617401607310641
3929 0.5772468438897566
3930 0.5829158811489648
3931 0.5864705234274422
3932 0.5879309717698199
3933 0.5920138120249953
3934 0.594075639922993
3935 0.592167687792601
3936 0.5846316235637271
3937 0.569562761338847
3938 0.539856512530127
3939 0.5061338911511668
3940 0.4607392957933184
3941 0.3180074410568606
3942 0.29386624480429374
3943 0.31974138316328177
3944 0.32933249993568847
3945 0.37211774841139494
3946 0.3997605501536375
3947 0.4079464167762991
3948 0.41287219844379486
3949 0.4243367937856801
3950 0.4159793082716946
3951 0.4086010743112452
3952 0.40000974072039497
3953 0.41826287657047817
3954 0.45207566265456145
3955 0.4627927026837179
3956 0.45065265257722
3957 0.46724539092997186
3958 0.49542040924540326
3959 0.4932981026908435
3960 0.4817001709005789
3961 0.5706254054816262
3962 0.5895464602894832
3963 0.5942565873518693
3964 0.5836990189506449
3965 0.46659543241003354
3966 0.3772375205467323
3967 0.33958165203337426
3968 0.30301906718584026
3969 0.6035123055547021
3970 0.6455171403855999
3971 0.6565362680005531
3972 0.6677359225226932
3973 0.6945709230942761
3974 0.6742704701082181
3975 0.6651217478110167
3976 0.657659876733557
3977 0.5685605869893593
3978 0.519880362627607
3979 0.49343021075163923
3980 0.47573894953887486
3981 0.5400739903381273
3982 0.46694783534103523
3983 0.41193723876322125
3984 0.33615209919150596
3985 0.2950697196891444
3986 0.2895854357541584
3987 0.2872111747321548
3988 0.2851378162125599
3989 0.3425880809029754
3990 0.40082601848342997
3991 0.40706653808075094
3992 0.4151862369895106
3993 0.19460003536350237
3994 0.17672453874985075
3995 0.21032507233437528
3996 0.2699742395502617
3997 0.19107101134764876
3998 0.23177523927302773
3999 0.24939192219170553
4000 0.2584541046426997
4001 0.3345724310815055
4002 0.2807998468140216
4003 0.2565518035128569
4004 0.2574625741451549
4005 0.3044245106414997
4006 0.32000394813142513
4007 0.32465333255946976
4008 0.33551585497285885
4009 0.376343865096022
4010 0.42159421225090504
4011 0.4386030511502884
4012 0.45151900997792005
4013 0.44532484615404283
4014 0.4256550444642204
4015 0.4016318099047798
4016 0.37956815116218556
4017 0.16477458649470023
4018 0.18491964618367404
4019 0.21468547776669772
4020 0.24402096012656724
4021 0.22316747734576312
4022 0.354606896333829
4023 0.38679402469997803
4024 0.41702615280764765
4025 0.4916420606211882
4026 0.5488254591951295
4027 0.5384562721816943
4028 0.5284509411282269
4029 0.4981000161092222
4030 0.5435143774075616
4031 0.5391817658437859
4032 0.5335342146741244
4033 0.48353753913091424
4034 0.5095678203866798
4035 0.5132264933477645
4036 0.5143416256334187
4037 0.5245380981622734
4038 0.6013130234631353
4039 0.6061715819545541
4040 0.6027529381261663
4041 0.47930493319651296
4042 0.45304427171240774
4043 0.4289785775225543
4044 0.43806886628689845
4045 0.5410472325400042
4046 0.4652891858854088
4047 0.4440051886468324
4048 0.3863328553200862
4049 0.4822803365616485
4050 0.4622707510434436
4051 0.4407763425917893
4052 0.4104914718216753
4053 0.4607678277391749
4054 0.41384337837750407
4055 0.3904866142623731
4056 0.3639320662406776
4057 0.551011013271414
4058 0.49757290713564356
4059 0.49224794092411583
4060 0.448501155167994
4061 0.4848795675098442
4062 0.42769561538250983
4063 0.4131940125022
4064 0.383421825137173
4065 0.34345953512493904
4066 0.2976750938720278
4067 0.2849383884123608
4068 0.27347124547550755
4069 0.25590859751592193
4070 0.39140196907211505
4071 0.44590896956689574
4072 0.49807224450725096
4073 0.5570897682029057
4074 0.5979331602266856
4075 0.6056905286858709
4076 0.6158666981417198
4077 0.6194203011177472
4078 0.6700338069908502
4079 0.6836050439328548
4080 0.6958682337452867
4081 0.7024212273524425
4082 0.7069308471788459
4083 0.7083447929922385
4084 0.7080432550847832
4085 0.686316928710156
4086 0.6548412308378322
4087 0.6470867351784668
4088 0.6315096416241633
4089 0.6180653678937988
4090 0.5970544539112514
4091 0.5879796467880157
4092 0.5747402873175373
4093 0.4936871756385541
4094 0.47200946071942956
4095 0.4489628114191471
4096 0.4288178727019084
4097 0.2785410761612254
4098 0.2220629865972717
4099 0.2222477525752942
4100 0.27997893927545214
4101 0.4140665376428029
4102 0.4198227243958853
4103 0.43097498029989767
4104 0.4366896313684552
4105 0.3927302979401166
4106 0.4247345387472128
4107 0.44174808312722574
4108 0.4564991116734117
4109 0.38125490226954795
4110 0.2868654006065652
4111 0.25947003243623695
4112 0.2224181013485021
4113 0.24729687444186998
4114 0.30134946510147986
4115 0.3121471556508233
4116 0.32766895157802395
4117 0.2526367150429869
4118 0.3029673750267064
4119 0.30416162201995195
4120 0.31871769572478215
4121 0.16380545450661854
4122 0.17266002746731762
4123 0.1693972764622917
4124 0.1628672446026734
4125 0.23928759867757748
4126 0.28120035080884415
4127 0.3248143635765761
4128 0.3543141059104788
4129 0.2637702609111659
4130 0.23736815919307155
4131 0.2438347761197302
4132 0.24704477590896456
4133 0.1850285802537634
4134 0.23478246347644507
4135 0.2777194593518184
4136 0.31064534335789884
4137 0.42748779054084773
4138 0.5185280128577843
4139 0.5380256514819192
4140 0.5528210922102503
4141 0.6182120891752879
4142 0.6243974164439489
4143 0.6195428865288816
4144 0.6152770915229192
4145 0.5472745228314697
4146 0.3274833706703904
4147 0.24790910096511046
4148 0.23467481672148868
4149 0.40869207486342535
4150 0.49712582793032856
4151 0.5162591697065033
4152 0.5257600420114216
4153 0.6083481862031735
4154 0.6034842963512117
4155 0.5952627639665816
4156 0.5813324081417486
4157 0.31713680679797007
4158 0.22498389383575282
4159 0.20446048937639325
4160 0.19601724592438644
4161 0.21718192523857266
4162 0.2633945943923012
4163 0.2906189773198885
4164 0.29709453202870634
4165 0.39520116709917796
4166 0.3959477673657347
4167 0.3933923336167936
4168 0.37563292517970426
4169 0.29561816365539945
4170 0.2949783654113044
4171 0.2877574802365278
4172 0.295446196972283
4173 0.24263887195721973
4174 0.34145031034377926
4175 0.3707994382909925
4176 0.40726615719348724
4177 0.4682577868287498
4178 0.5698789166578435
4179 0.6030012784229838
4180 0.6320970491307955
4181 0.5273563521163783
4182 0.4669782339614754
4183 0.45026568157366803
4184 0.44692733225233255
4185 0.2303583557300846
4186 0.20737906758625052
4187 0.19828522050876926
4188 0.2258789208955019
4189 0.4205432847745147
4190 0.49654222396092923
4191 0.5123814597671532
4192 0.5123317631716047
4193 0.6624187382099035
4194 0.5544511772110298
4195 0.4260791895799514
4196 0.25278689215372885
4197 0.18945977925669327
4198 0.3875955403941212
4199 0.4228227918386212
4200 0.4446781477629055
4201 0.5315701291681341
4202 0.5423540108946283
4203 0.53859257835101
4204 0.5245650465177933
4205 0.6056803490192102
4206 0.5981533096327403
4207 0.5918468436848257
4208 0.5826506535056883
4209 0.5325450671873582
4210 0.5724926743542502
4211 0.5736414894069127
4212 0.561597825011494
4213 0.6901473878278008
4214 0.6853686146308697
4215 0.6755208788106744
4216 0.6579536427570782
4217 0.5514782346864845
4218 0.35126145550666193
4219 0.3113125732071727
4220 0.2390806433781509
4221 0.3133045325290228
4222 0.4692706401485495
4223 0.5109669436717753
4224 0.5603914503302591
4225 0.31604161106957
4226 0.3936970709121704
4227 0.4303034967947423
4228 0.4744679648987527
4229 0.2925677530787392
4230 0.33633425078369905
4231 0.38680475368667133
4232 0.4372342421678893
4233 0.40221380876532586
4234 0.3646738383253968
4235 0.32761464101731574
4236 0.27174133511272314
4237 0.3046727098752303
4238 0.2958255289539699
4239 0.287206427811965
4240 0.281635818807658
4241 0.24564462983051163
4242 0.1799852279327313
4243 0.19029819639898238
4244 0.20451220437280507
4245 0.4809415279310628
4246 0.5023652718956144
4247 0.5017048678309611
4248 0.48864629239341273
4249 0.405962266496384
4250 0.30189772069064935
4251 0.27739785440751163
4252 0.2663404701700321
4253 0.24722978481706848
4254 0.3704965124416726
4255 0.39350558630169347
4256 0.42282844242515727
4257 0.48521700960730013
4258 0.5270476285604703
4259 0.5424648921977626
4260 0.5464380001725472
4261 0.5367307556463454
4262 0.5619890513927578
4263 0.549544577872904
4264 0.5419369819661105
4265 0.4667979185791258
4266 0.5237279308877378
4267 0.5235993307999051
4268 0.5206996551083531
4269 0.6378774330379128
4270 0.633960013761815
4271 0.6281327553628243
4272 0.6109943246389135
4273 0.6904895635166904
4274 0.6315314042249275
4275 0.574842905567256
4276 0.46473460907454905
4277 0.35672188210000827
4278 0.3566270297668608
4279 0.3509556541449592
4280 0.3406350734562137
4281 0.4708437440694838
4282 0.30783393237213913
4283 0.2819328041052251
4284 0.2398071470397756
4285 0.2437923691074848
4286 0.3754672517435688
4287 0.411675082467207
4288 0.4486902519575462
4289 0.32053078384758865
4290 0.2571750830527377
4291 0.24056897168405866
4292 0.18919023306828336
4293 0.39764418727140016
4294 0.47430279411069765
4295 0.49139310477932513
4296 0.5154611121509386
4297 0.5612497267240278
4298 0.603965932695948
4299 0.6006369944378728
4300 0.5951208557509623
