x y
2080 0.16191052095554045
2081 0.07389792177454697
2082 0.1343676909230122
2083 0.15249171781824042
2084 0.16592327880187058
2085 0.09423639636850055
2086 0.13033156423554446
2087 0.1318773303885584
2088 0.11930570415497889
2089 0.2990038514755077
2090 0.26968450091411034
2091 0.24773196681351983
2092 0.1752890434563059
2093 0.22771561504418494
2094 0.20901500795882813
2095 0.20110491817231071
2096 0.1702142187483205
2097 0.20105860047057586
2098 0.2237905085135786
2099 0.1979942296569138
2100 0.17372133760412112
2101 0.19170253288439545
2102 0.21140714098248398
2103 0.20305801480600752
2104 0.19610257543490126
2105 0.18965399483726805
2106 0.23795446113492535
2107 0.2247564759493653
2108 0.19222402314684373
2109 0.1237105361441217
2110 0.15158829117070846
2111 0.1444545355215286
2112 0.13773944167559446
2113 0.17664590469132269
2114 0.2494950797185026
2115 0.2543374301318505
2116 0.1984273691011092
2117 0.19380690636858658
2118 0.280644768834845
2119 0.23066416150570207
2120 0.16790615434186387
2121 0.4049686995737897
2122 0.5132816839437371
2123 0.45251344364637464
2124 0.3597008310791912
2125 0.21104886175935786
2126 0.23043015345691711
2127 0.18130433870655585
2128 0.11613144918546982
2129 0.4022103623902319
2130 0.29980646926460336
2131 0.2322692697192733
2132 0.14612877884346495
2133 0.27188854595903134
2134 0.22641933209561974
2135 0.1915799485391375
2136 0.13245863610353245
2137 0.25795254360947745
2138 0.2591513088839151
2139 0.2340938173268304
2140 0.20127966461617852
2141 0.29726977887347433
2142 0.29473047232387606
2143 0.2755118238044567
2144 0.18935243776060925
2145 0.2880236291711945
2146 0.23473936043551136
2147 0.18788988280624586
2148 0.1100747084966577
2149 0.1337727681423448
2150 0.07386163319708425
2151 0.07443049839485916
2152 0.07901431195135997
2153 0.09759632160928457
2154 0.08895328176393118
2155 0.07809851953289605
2156 0.08608876601908087
2157 0.18406098847024924
2158 0.25228919332836125
2159 0.22902266143692077
2160 0.2054412489735633
2161 0.1504840847500621
2162 0.2102080308209844
2163 0.1902966235660385
2164 0.17371974083358865
2165 0.1103594193445964
2166 0.13892451365182215
2167 0.15409022983605627
2168 0.13638228127290172
2169 0.09336259991204925
2170 0.11647527865805866
2171 0.1372668777005125
2172 0.13603391914269092
2173 0.1291188918833753
2174 0.1349452019896847
2175 0.12779563314172954
2176 0.10794291563113471
2177 0.11247438062047552
2178 0.14889739628119691
2179 0.12564007704505917
2180 0.1394847676035989
2181 0.09343995755411565
2182 0.11110753770780758
2183 0.10669073596583664
2184 0.09324479114049296
2185 0.12221329381456478
2186 0.1006129307546325
2187 0.10015506058471553
2188 0.07761197877287818
2189 0.21830704862437353
2190 0.2114590788509451
2191 0.1792123752100061
2192 0.12025259938413851
2193 0.2699660482600846
2194 0.260410769258824
2195 0.22126373981482086
2196 0.13916697932790228
2197 0.25623654677211194
2198 0.272687487869346
2199 0.23347063136610405
2200 0.17819841237606937
2201 0.9764460262742579
2202 0.9795919429750786
2203 0.9766308472727264
2204 0.9551027376064856
2205 0.989602416097567
2206 0.9801556549728935
2207 0.9709941494056037
2208 0.9276609533947325
2209 0.9237260689803407
2210 0.9271257805033727
2211 0.8805755656971372
2212 0.7576773720883316
2213 0.6508422003802558
2214 0.6890644899597546
2215 0.5281882578908877
2216 0.2735151446861671
2217 0.8821843382189561
2218 0.8909060176094071
2219 0.8637929490209345
2220 0.7904553858166974
2221 0.8706724163086326
2222 0.8669227010793954
2223 0.8512175753012715
2224 0.8103523879104654
2225 0.5685203335146266
2226 0.45779756637994495
2227 0.32145735519659807
2228 0.15581456862768217
2229 0.8395968260269848
2230 0.843618993143692
2231 0.8117160563718954
2232 0.7220492322647025
2233 0.7225355311066889
2234 0.5852300163713143
2235 0.36669300962223744
2236 0.07564033141533456
2237 0.28458587075941044
2238 0.12021017264060825
2239 0.13105492245121017
2240 0.36398187963086426
2241 0.25270514212461415
2242 0.4375333133023259
2243 0.5007079409467617
2244 0.5116221807146938
2245 0.0963627077755795
2246 0.18522294248670879
2247 0.33440697818859355
2248 0.4660136547076912
2249 0.2637351408378924
2250 0.3586143326732195
2251 0.4516205563516547
2252 0.5582732875680063
2253 0.37152526668608127
2254 0.5448965207444351
2255 0.6132945027077991
2256 0.6518866641298632
2257 0.7044381620632039
2258 0.7024984339420409
2259 0.7166392529262336
2260 0.6508387918725903
2261 0.8926432160116723
2262 0.9132309225521096
2263 0.918144924049702
2264 0.9202571742657768
2265 0.8928862391905865
2266 0.9077027116692955
2267 0.9183070907260835
2268 0.9182482197445011
2269 0.899506860867015
2270 0.9191362367623196
2271 0.9200436890097612
2272 0.9197379794285264
2273 0.6907053445845723
2274 0.9022828846073028
2275 0.904348675000281
2276 0.9045674888493146
2277 0.8694962817893859
2278 0.9227436966725964
2279 0.9252561753131056
2280 0.9241023377164532
2281 0.9128955356825119
2282 0.9134325988765032
2283 0.9130788105646249
2284 0.9138427662386327
2285 0.916378506226646
2286 0.9176904490026979
2287 0.9179681816525079
2288 0.9185242210138876
2289 0.9179137911622943
2290 0.9193715355942097
2291 0.9212507813317045
2292 0.9176743631502369
2293 0.9092710206313049
2294 0.9043636790982948
2295 0.8994848045272684
2296 0.845358160541935
2297 0.8870565986040131
2298 0.8863828080999608
2299 0.8875642058655787
2300 0.8819606127820298
2301 0.9111609308441638
2302 0.9119402981103886
2303 0.9117776160984153
2304 0.9111187054338513
2305 0.9070264218919962
2306 0.879658165949308
2307 0.7130476372300462
2308 0.906564998654242
2309 0.9072389112724323
2310 0.9082365449829249
2311 0.9080479021725527
2312 0.9060060800880336
2313 0.9070696442011524
2314 0.9088377715773536
2315 0.9078681181235537
2316 0.9055791912333999
2317 0.8308860435409811
2318 0.9110085907658519
2319 0.9188288509508495
2320 0.9119613616096053
2321 0.9156606061183119
2322 0.8776687912540454
2323 0.7195256812986452
2324 0.8777627230295103
2325 0.9103762358776298
2326 0.9237250769126434
2327 0.9229864124743185
2328 0.9218226554543922
2329 0.916488698849536
2330 0.9164699629466124
2331 0.9165651053385058
2332 0.9166897894797976
2333 0.9162945747668563
2334 0.9170075272777067
2335 0.9175203040509913
2336 0.9172633766178544
2337 0.8958653253623498
2338 0.3125846599195763
2339 0.1078770285169306
2340 0.6480549195585292
2341 0.9112870186797115
2342 0.7952712344235499
2343 0.6659224584949942
2344 0.8905346649113812
2345 0.9118412144229487
2346 0.9128395292094041
2347 0.9128291229076653
2348 0.9120765703095476
2349 0.9063349142009918
2350 0.8995980323475115
2351 0.8950262489008446
2352 0.8638977320190214
2353 0.9200453174884521
2354 0.9183411469183126
2355 0.9176469172049815
2356 0.916632351392923
2357 0.8317318763860826
2358 0.7836678792006561
2359 0.86955319728012
2360 0.8349104006808222
2361 0.6214950220032358
2362 0.9153092410382921
2363 0.9152498487515937
2364 0.9134222483575776
2365 0.913231063561448
2366 0.8986285780022587
2367 0.6114802445705932
2368 0.8695724157274823
2369 0.9122120382963746
2370 0.9111374776235428
2371 0.9096396916119185
2372 0.9039719719362853
2373 0.9146004138117586
2374 0.9156254669608055
2375 0.915382372474799
2376 0.9147328844263386
2377 0.9160104475813021
2378 0.9157157435532362
2379 0.9137038049054464
2380 0.9021606833426772
2381 0.878528141122967
2382 0.8853688726165393
2383 0.8881022713054206
2384 0.8900669590534079
2385 0.8683205075167536
2386 0.8734931072571538
2387 0.864427750511744
2388 0.8622848801359279
2389 0.9028869598034853
2390 0.8597014396863842
2391 0.8545225484997392
2392 0.6822368579715298
2393 0.9164993780870672
2394 0.9153980746968168
2395 0.9141372452692501
2396 0.9074668840666477
2397 0.9129163958584564
2398 0.9134747610298393
2399 0.9132077913317129
2400 0.912074192556065
2401 0.8864871995004554
2402 0.8834048086019216
2403 0.8350760585112251
2404 0.6795783182840825
2405 0.9130672055878789
2406 0.9121072379884564
2407 0.9114284468382579
2408 0.9067076007055941
2409 0.914376560074374
2410 0.9134699812978648
2411 0.9126990668841094
2412 0.9094146679552345
2413 0.5570195557710986
2414 0.9126635797367492
2415 0.9125583199187833
2416 0.9115827271077884
2417 0.9132013514869295
2418 0.6790771829940754
2419 0.89492560614564
2420 0.9067246265649084
2421 0.9109102264903574
2422 0.9142656680324072
2423 0.91414217802178
2424 0.91358325083112
2425 0.9137718667724665
2426 0.9129758128246737
2427 0.9106212015213669
2428 0.9040336893784856
2429 0.91376253208813
2430 0.9146710818740589
2431 0.9145621079008557
2432 0.9142562439901553
2433 0.9142670967611769
2434 0.9094135186682083
2435 0.8705114880680114
2436 0.8149961109010128
2437 0.9122937741994641
2438 0.9142063980187043
2439 0.9141902138683978
2440 0.9136544536815377
2441 0.9131588282037203
2442 0.8956002614139682
2443 0.9096721463698139
2444 0.9108018421132633
2445 0.9069479095020584
2446 0.9142536784905326
2447 0.9141188220349509
2448 0.9137029281856542
2449 0.9148677249249938
2450 0.914792720463322
2451 0.9144723411334309
2452 0.9130097551055849
2453 0.910774226427088
2454 0.9145125863222068
2455 0.9143451047887031
2456 0.9139672096618415
2457 0.9143613182678224
2458 0.9078104342282243
2459 0.7781734621050442
2460 0.8818029876489416
2461 0.8956745976288901
2462 0.8863616375754755
2463 0.8033990485566326
2464 0.7278011103633564
2465 0.9139267775965927
2466 0.9147279719727959
2467 0.9147328002144639
2468 0.9144168698408243
2469 0.9121409678178402
2470 0.9140630093174421
2471 0.9134550666471808
2472 0.9124948222911903
2473 0.716417797921708
2474 0.9125069379934677
2475 0.9126286120161382
2476 0.9122325811535232
2477 0.9152361047025633
2478 0.9158135853642818
2479 0.9153680382162753
2480 0.9148091782751181
2481 0.8908049963168622
2482 0.9104617246638949
2483 0.9119759831134849
2484 0.9118415609499629
2485 0.9136500183425443
2486 0.9143187545925063
2487 0.9141873842387969
2488 0.9139124592891056
2489 0.9140574519642881
2490 0.9146934712029815
2491 0.9145462121224788
2492 0.9143641526202595
2493 0.9142844728246882
2494 0.9142759927501507
2495 0.9133459612381144
2496 0.9113293803246441
2497 0.913661353243464
2498 0.9123306265811153
2499 0.9089998312904487
2500 0.890482994724578
2501 0.8668050830170657
2502 0.9056647376068665
2503 0.9034836465162686
2504 0.8980094138425602
2505 0.9129090253844556
2506 0.9146815080073706
2507 0.9145295437111103
2508 0.9141484280564868
2509 0.9143124119051983
2510 0.914290261228345
2511 0.9138533571845949
2512 0.912304313220941
2513 0.9142445219603581
2514 0.9146974265675376
2515 0.9146570374206685
2516 0.9143155743562565
2517 0.9138953432775652
2518 0.5260500681873767
2519 0.8966505148942174
2520 0.9074644704917855
2521 0.9111045981504882
2522 0.9134107091823134
2523 0.9128639186440527
2524 0.9109877891764389
2525 0.9111576266824388
2526 0.9124834545454993
2527 0.9119808045182386
2528 0.9092985985955252
2529 0.9139505936272351
2530 0.9147133091773977
2531 0.9146063523198357
2532 0.9139000566400239
2533 0.9130419132082114
2534 0.6229889038646151
2535 0.9017092659306867
2536 0.9079301542955971
2537 0.6273696422684834
2538 0.9138239399361417
2539 0.9135587806368164
2540 0.9128171512303793
2541 0.9139408681509577
2542 0.9137936976164788
2543 0.9120533387712415
2544 0.9062191591613846
2545 0.9106042125345766
2546 0.9142238862616606
2547 0.9141463144811366
2548 0.9133431282437383
2549 0.9147281836631125
2550 0.9147650623464149
2551 0.9147305467107075
2552 0.9144446546458299
2553 0.9145741792450534
2554 0.8951050806211923
2555 0.8506896714275957
2556 0.9017069593097866
2557 0.9141614904587166
2558 0.8944459297349134
2559 0.4832368695698746
2560 0.8865184822248804
2561 0.7786764880395455
2562 0.913564841150344
2563 0.9138390191000971
2564 0.9134990306736004
2565 0.9147884553525494
2566 0.9144473962579122
2567 0.9141378771011052
2568 0.9125881433967468
2569 0.9137733093951416
2570 0.9144746755908615
2571 0.914075484826432
2572 0.9134603941700845
2573 0.886738792158551
2574 0.9134809181971091
2575 0.9131353084695406
2576 0.9128363106522789
2577 0.9074648091107798
2578 0.895465909336938
2579 0.8697065138528896
2580 0.8573836867447467
2581 0.9102151334750231
2582 0.9139644333180996
2583 0.9141759923421809
2584 0.9134520141441788
2585 0.9145030668148117
2586 0.9132017379587196
2587 0.9036078243704316
2588 0.8291119804519976
2589 0.9118338780004664
2590 0.9144005311539176
2591 0.9143295405373303
2592 0.9139751967379054
2593 0.8875788249169583
2594 0.7092226692672692
2595 0.7813463176026703
2596 0.39518236117105565
2597 0.9139600372387944
2598 0.914657199631899
2599 0.9146007264650353
2600 0.9144048335119709
2601 0.9149351369675164
2602 0.9149144661109901
2603 0.9148248447418394
2604 0.9142922892438953
2605 0.8805800020924374
2606 0.9074615312760145
2607 0.909237066980854
2608 0.910190254292976
2609 0.9017924548277111
2610 0.8971360028898024
2611 0.8979073076316808
2612 0.8969332604216055
2613 0.910196283473664
2614 0.9098684763393087
2615 0.9088499733203118
2616 0.9026977288693834
2617 0.8961600856992662
2618 0.8638500749490867
2619 0.7771040233817704
