x y
490 0.04315804915508246
491 0.03500454967472622
492 0.023140905697799228
493 0.0774846113255223
494 0.07426217818167632
495 0.07178839877174736
496 0.06402731647741865
497 0.038844037046367685
498 0.033780089280086086
499 0.03658897371779194
500 0.03519258467237695
501 0.047600790643219426
502 0.03408438426984713
503 0.03533357838833013
504 0.027919234541254195
505 0.03536598154173008
506 0.03443129940801283
507 0.0347191051644497
508 0.024585877095928757
509 0.04344755512669502
510 0.03757048309934947
511 0.03484023168150319
512 0.03662686538442968
513 0.07374525710786682
514 0.07174775709733816
515 0.07352514155963355
516 0.07214567597893191
517 0.07932566074361375
518 0.07734183588828339
519 0.07920128298127242
520 0.07741546181504433
521 0.07198156372287005
522 0.06928923182014679
523 0.06864183418419749
524 0.06643650531588868
525 0.07071564663822177
526 0.061383064028462136
527 0.055897532375733534
528 0.05129479515930867
529 0.039294867941300764
530 0.030653035681834702
531 0.030902974399737968
532 0.030714696365464148
533 0.04066341417225672
534 0.05119119092159062
535 0.05272101448627101
536 0.051840385206643455
537 0.02757109862778152
538 0.03950421445964643
539 0.03221877000136538
540 0.04216448243663845
541 0.03048592861613768
542 0.02905513318642245
543 0.025589254172138677
544 0.027184498580417642
545 0.10821507512874719
546 0.11129224201386761
547 0.09964064853896541
548 0.06970462919269355
549 0.07387049717743824
550 0.05953538599083689
551 0.04312529065691374
552 0.03823490970226669
553 0.10234892459259366
554 0.09114838440591405
555 0.07067179343883442
556 0.04322655009227387
557 0.08407223992301777
558 0.06700115497629211
559 0.051267143854531086
560 0.030341028043367458
561 0.04149107625826484
562 0.03233057440289881
563 0.027862407532884464
564 0.025139096322376576
565 0.031437864760731564
566 0.03191371275685847
567 0.03215091503724143
568 0.031389713673973835
569 0.03206767348615636
570 0.03605218289572815
571 0.034166019632480886
572 0.03626386489312248
573 0.025946672831129072
574 0.029928430695202814
575 0.04156568522559338
576 0.03242700495389959
577 0.030064845966621314
578 0.0381214215948863
579 0.035657115756336254
580 0.03765875777465599
581 0.04748640119227774
582 0.06269923173757781
583 0.04739992075320472
584 0.04946969084777268
585 0.04308756348526241
586 0.021056301341211427
587 0.0350572736073461
588 0.025643587760382128
589 0.036254171602146126
590 0.032428960997818335
591 0.033960896553683804
592 0.03239220036438541
593 0.04152412927332041
594 0.030495203822433058
595 0.030139156549689055
596 0.031609701507941936
597 0.04310522385720492
598 0.03145153484888639
599 0.024131788966663032
600 0.03372807873789928
601 0.1858275401673522
602 0.16851826349565613
603 0.14513187149342077
604 0.10388022343676283
605 0.1679480416171436
606 0.15404571645402193
607 0.14511454335705157
608 0.11140748927897612
609 0.15212284925040379
610 0.14404351848029556
611 0.11882912738583408
612 0.07630641110888114
613 0.08786285151640301
614 0.06762411875697863
615 0.03951774215547244
616 0.026121881883605445
617 0.046709504116831065
618 0.04017824927691731
619 0.02789217697890541
620 0.0343787991158626
621 0.04483209500122246
622 0.03186478471488339
623 0.030783913568826413
624 0.030218384133731922
625 0.04175899449453556
626 0.025013459747006184
627 0.028697139161032382
628 0.03370791325140699
629 0.05890339971163294
630 0.03529161814253252
631 0.040519178572366255
632 0.03703589986429658
633 0.1699498309923701
634 0.18381049077511358
635 0.16847024916638126
636 0.15690354187028913
637 0.2026071713400515
638 0.19461947273715072
639 0.16289924352871124
640 0.1256227073433014
641 0.1368919239948883
642 0.140577827966284
643 0.08451522573339125
644 0.05744611176433593
645 0.05448858700888556
646 0.0414501239202347
647 0.02898364687280765
648 0.04443809028083846
649 0.09390598885600325
650 0.08279129599680905
651 0.06397129744710588
652 0.023375542713437038
653 0.18323110265973494
654 0.18210535348665027
655 0.1669375498682918
656 0.12415000486443141
657 0.13477787570687344
658 0.10211988104348153
659 0.06110258686248084
660 0.028163733040683852
661 0.06827823241400961
662 0.04380864444123927
663 0.02718277570949303
664 0.037995436187781735
665 0.037870096760600984
666 0.031710884244344054
667 0.028327336747172527
668 0.038425508196224534
669 0.061006077533732134
670 0.037522973874596605
671 0.027521070886992675
672 0.043576987914727326
673 0.06980170780396783
674 0.03117396253523056
675 0.031165351416798583
676 0.040101002287549176
677 0.06995368105884921
678 0.025149777582060367
679 0.02677700916490486
680 0.043048658429800345
681 0.06965968776522365
682 0.05503508157689212
683 0.037289846364151
684 0.035408305360813845
685 0.1528652167804712
686 0.13664255760531452
687 0.10769744250227178
688 0.06147484500685437
689 0.15844111616421944
690 0.16440009832165373
691 0.1348246031161105
692 0.08394569460747368
693 0.11552600513472207
694 0.11148707924412665
695 0.08836328981146166
696 0.036881017778428296
697 0.07971455006748701
698 0.04134217717058724
699 0.03626126134658285
700 0.0590448131773819
701 0.030819717720373473
702 0.054873230254077414
703 0.07171551832443075
704 0.08412656596078942
705 0.1756454128665332
706 0.16624405119164323
707 0.13593994481507607
708 0.08717070354113
709 0.08404662036967882
710 0.02996760505086434
711 0.033874114464223705
712 0.046663598455607316
713 0.0447408691831627
714 0.031652728930568065
715 0.03902385233767793
716 0.054253634761963904
717 0.025291816848553632
718 0.07413819420740433
719 0.07292796399094587
720 0.08580668365705758
721 0.0309029086728194
722 0.06356892725776887
723 0.051636521936854675
724 0.08461395546232188
725 0.03587612056965041
726 0.05300302512617684
727 0.0653438145387701
728 0.08208897179023215
729 0.17102248616244273
730 0.1661700793440106
731 0.14601300700588218
732 0.09760803462047941
733 0.09274585578767873
734 0.032298270402990804
735 0.03537485306491381
736 0.044460179809054014
737 0.028994954417605124
738 0.058947054721463145
739 0.06214303237670868
740 0.07525263922772034
741 0.06627254247509194
742 0.0838505101393604
743 0.08298757954285775
744 0.09302052970427324
745 0.06010648690054249
746 0.07693886789638067
747 0.07803584906104223
748 0.09366450073055148
749 0.07119763113569838
750 0.09793632341253207
751 0.09590210419891466
752 0.08650411536328234
753 0.087903353353261
754 0.08960251990272997
755 0.08878090425070033
756 0.08034246671313691
757 0.039521232625705505
758 0.052994324789761314
759 0.06834550036164132
760 0.0677566344500379
761 0.14617856830059733
762 0.14315204649710134
763 0.13901328844732908
764 0.11281921372663717
765 0.17144301405302115
766 0.16482997043677658
767 0.1543039164141468
768 0.12111407953801193
769 0.12403908755039648
770 0.057660516536614144
771 0.03976999357292222
772 0.036506080613651445
773 0.034213433528782485
774 0.05839502841068865
775 0.0656696031060904
776 0.06809697787622442
777 0.061915996841262665
778 0.07091421035610179
779 0.08267145563464416
780 0.09135871703715419
781 0.058744597125988215
782 0.0916470393193683
783 0.09985832663209213
784 0.0969006117425262
785 0.0766945080177068
786 0.08702511258707143
787 0.09587041841336948
788 0.09741344877917404
789 0.0862289399162353
790 0.09174850918293757
791 0.09384240558429478
792 0.09986057612718387
793 0.07769279826425227
794 0.0881400632189993
795 0.0849178348506833
796 0.09185613762357865
797 0.062222184366477265
798 0.09216310533299188
799 0.10092274244503516
800 0.09715535960423115
801 0.053351798426894755
802 0.08181336771218772
803 0.09508061823603844
804 0.08775645136518792
805 0.0647333684766141
806 0.08858186176617688
807 0.09376831752162952
808 0.09100739125532054
809 0.053223662401443064
810 0.08081052686439895
811 0.0735367106792532
812 0.08360779152399149
813 0.045142500871443864
814 0.07082723272863214
815 0.07633625388076107
816 0.0750746414325003
817 0.0794808495320398
818 0.08204654253243458
819 0.08174295813673416
820 0.07462410045499532
821 0.06119125190083549
822 0.08471398178408149
823 0.08706975441132866
824 0.09103816270412193
825 0.06640738242875378
826 0.07789047523929402
827 0.06922590795478076
828 0.07427276176540061
829 0.09197923786529359
830 0.07968244751825311
831 0.09255178426026242
832 0.08876496760424787
833 0.034256615339899876
834 0.037561696152176416
835 0.048074450111141864
836 0.06928486783789328
837 0.08111182376532197
838 0.09544866147017483
839 0.08664870874993164
840 0.08974249383144046
841 0.1250876985764826
842 0.11451000308864846
843 0.11178085542194025
844 0.0928367183126479
845 0.051991535139773906
846 0.04900158929988927
847 0.05219213674282083
848 0.053870012627361345
849 0.033138741618792295
850 0.03749633298381172
851 0.05285082182441606
852 0.05739171235701707
853 0.043754681843368205
854 0.05775819381362115
855 0.057111817597998826
856 0.06926539766006698
857 0.031036352885898517
858 0.049032900757350326
859 0.059118559369984204
860 0.06150783941058283
861 0.04767886360166541
862 0.059897462186605036
863 0.051034474914002884
864 0.0581935279039576
865 0.03572995834585015
866 0.046881981563567016
867 0.049135609718136554
868 0.054482990790998706
869 0.07491633045308264
870 0.07478274770211096
871 0.08383644848834103
872 0.07209622735409121
873 0.061995283192224325
874 0.06458763589220486
875 0.07071064259271294
876 0.07266842105462415
877 0.04915489411034025
878 0.058485160007412086
879 0.06167004453177171
880 0.060880759122737
881 0.036756413459974574
882 0.050230184955822446
883 0.05883779402991397
884 0.07334403462270687
885 0.03008393791980271
886 0.02917688013151049
887 0.04008399788851526
888 0.0521883383095187
889 0.03389979159473321
890 0.03696214572373297
891 0.042387449671520465
892 0.04693941937811194
893 0.04744718927246826
894 0.053544609646852835
895 0.059221108746339575
896 0.06730885553671802
897 0.04339130482504975
898 0.04975592360498937
899 0.06050469376926851
900 0.05462375824138699
901 0.11407786438043029
902 0.12113476793553729
903 0.10443236176907868
904 0.0863430422396993
905 0.08553224961618312
906 0.08278540619175748
907 0.0590955064763233
908 0.04718523739021897
909 0.11157239246560921
910 0.114478113461741
911 0.09629805663808391
912 0.07857261488160756
913 0.04217467389051743
914 0.0508702276317009
915 0.05790453971828214
916 0.05153159777139057
917 0.07415189469442789
918 0.07100852616144648
919 0.06940459500933123
920 0.05859171518747467
921 0.04932100068879031
922 0.04371009738343632
923 0.04098313707462269
924 0.03142268458779132
925 0.03822536757539554
926 0.043663912030741284
927 0.04446108770250701
928 0.0511449729740168
929 0.04176830140598504
930 0.03882643638841814
931 0.03160982105566658
932 0.04039273603896478
933 0.042904687212508036
934 0.036069971469957024
935 0.04432604728013966
936 0.033861604814295315
937 0.09783158870917345
938 0.09638044255531182
939 0.09518467425522892
940 0.09340629606598094
941 0.10241202748924585
942 0.10068627070992278
943 0.09487875186650707
944 0.09231902284299616
945 0.09833930275740782
946 0.09258466495507103
947 0.09162255563484938
948 0.08086164148189011
949 0.08188461861163289
950 0.06684497547277217
951 0.052205982234080676
952 0.04299035485638152
953 0.04146566240164872
954 0.041346608862876104
955 0.04549681479000547
956 0.05932050708863783
957 0.05137118720098615
958 0.0761111286865336
959 0.08318372318594991
960 0.09185491663440586
961 0.03795737342094234
962 0.05234327699980702
963 0.06414531819192584
964 0.07285233641077771
965 0.04522314730058551
966 0.040293253518684374
967 0.04042858185290856
968 0.035691069021303555
969 0.11468989699608616
970 0.09866077583560302
971 0.07858203393204634
972 0.053928074793300945
973 0.06425615091370851
974 0.044543388591439054
975 0.034805197436729406
976 0.057425475391416146
977 0.0994343078528054
978 0.0681950664777882
979 0.045708763411191726
980 0.033570765443235215
981 0.06188603569734852
982 0.04035246936003588
983 0.039710884295679524
984 0.050576509943291964
985 0.03676408612956841
986 0.049965219308082114
987 0.07169207813543924
988 0.06863532828049765
989 0.036176436943823206
990 0.0506092216115765
991 0.05435320473023999
992 0.07728868461907407
993 0.031170857713149557
994 0.03830218020443255
995 0.04019224472593468
996 0.055783245529046455
997 0.05056755742667332
998 0.07240890270079382
999 0.07202145493539688
1000 0.08611494085572868
1001 0.04129345536986827
1002 0.07270952160612561
1003 0.07711884437077514
1004 0.076825767161592
1005 0.07761691614584657
1006 0.0825137332484501
1007 0.09533070468400373
1008 0.08280602661930152
1009 0.044911951389098155
1010 0.05232585004314477
1011 0.060565191804616086
1012 0.06270398159835082
1013 0.1246935578876517
1014 0.132719065529247
1015 0.1018288606608156
1016 0.06716783377026132
1017 0.1476611486762701
1018 0.1348015227918697
1019 0.10841085427734953
1020 0.06179145767413926
1021 0.09041989621812319
1022 0.034745594686366385
1023 0.02315826267972526
1024 0.06267471585870489
1025 0.19606212382504667
1026 0.17276030844944695
1027 0.1377845169194011
1028 0.09094170812095823
1029 0.09938547922908221
1030 0.11024512383492742
1031 0.1205791281841944
1032 0.1203445496292566
1033 0.05756520674928907
1034 0.0606440945124198
1035 0.04181084487637902
1036 0.04048227965687082
1037 0.11005226280457546
1038 0.12615385858126751
1039 0.12810849345300768
1040 0.14765335061460336
1041 0.31783812528834715
1042 0.3287871483730104
1043 0.32777229027572374
1044 0.32801825270355744
1045 0.05139379204337617
1046 0.03211659498464757
1047 0.034696556423038635
1048 0.02915757973577707
1049 0.07680338896746346
1050 0.07743877627414872
1051 0.06223774786597526
1052 0.039913927546776515
1053 0.14405027175543922
1054 0.14775248849117179
1055 0.11496442744726955
1056 0.08551501698080645
1057 0.05937829309434214
1058 0.05775424424506477
1059 0.051938451275720623
1060 0.04740963390516701
1061 0.028262743688162745
1062 0.027814117163896417
1063 0.02622535441033759
1064 0.026463170038428137
1065 0.07765630012858894
1066 0.07302551206694295
1067 0.07161969706117566
1068 0.040307991901663294
1069 0.027396025015381884
1070 0.0275743396677641
1071 0.027238648569284502
1072 0.026307464187372776
1073 0.027303849159543463
1074 0.027461904890451333
1075 0.027888642545749277
1076 0.02768264763446469
1077 0.02935435912567975
1078 0.029297413246578686
1079 0.028545859001340535
1080 0.027229457201669867
1081 0.031928557009201344
1082 0.03264620514108371
1083 0.03325515641664479
1084 0.03242653620268921
1085 0.02897992540582496
1086 0.026015416488081002
1087 0.026137627200347128
1088 0.025232874203862415
1089 0.04200841982128523
1090 0.04022926087410045
1091 0.038653240156570096
1092 0.03346296649809585
1093 0.11148477032449287
1094 0.11151358492903328
1095 0.10314111433077011
1096 0.08802200384783176
1097 0.14002514169681815
1098 0.13029600690935578
1099 0.10594062022132227
1100 0.0745460930540467
1101 0.07459304448400515
1102 0.060356897834293405
1103 0.04164678021095641
1104 0.02984301385647675
1105 0.1785373975897092
1106 0.16524975665506644
1107 0.1322045484150032
1108 0.09079385750998734
1109 0.19317296369472794
1110 0.15741279178809672
1111 0.12320426700213652
1112 0.07328391630755261
1113 0.10660878150047287
1114 0.08947656756951977
1115 0.06662984745668675
1116 0.03340014512188264
1117 0.19329663723098317
1118 0.1924980563194761
1119 0.18730102045858812
1120 0.17924570355344518
1121 0.21321401014760813
1122 0.2107016503391376
1123 0.20477929565217767
1124 0.19609441812614392
1125 0.19751101688550102
1126 0.1911085516239617
1127 0.17796331242955737
1128 0.1510939192759794
1129 0.15557537190460022
1130 0.11620284996209193
1131 0.09107850139310707
1132 0.07405251897608081
1133 0.027486033528191785
1134 0.04250446353854768
1135 0.05050333938103715
1136 0.0685976195906034
1137 0.041002525310398386
1138 0.037976470121738465
1139 0.03407536578162626
1140 0.031239323871709048
1141 0.041588526799889475
1142 0.036136724639605045
1143 0.03524667152414508
1144 0.030020510986345034
1145 0.09346642135642004
1146 0.09219345919341565
1147 0.08474521082037084
1148 0.06705053805337718
1149 0.10768280655477332
1150 0.09917983689806863
1151 0.07746488692562693
1152 0.09808817625744301
1153 0.08744064447751723
1154 0.07793423030582511
1155 0.06862232824959001
1156 0.0530480901179495
1157 0.06176972021324796
1158 0.05655593294922501
1159 0.06590511032179493
1160 0.08405406822461535
1161 0.10501291135290164
1162 0.09823815204142258
1163 0.08526925947856542
1164 0.08433359097271106
1165 0.06195187986779699
1166 0.05880635837495493
1167 0.0454722190755882
1168 0.056268939812874376
1169 0.1885524573081
1170 0.1890536929418347
1171 0.15149215112051972
1172 0.10555793039861389
1173 0.2117047090452704
1174 0.20589902531692478
1175 0.17323223045105737
1176 0.12193402402308218
1177 0.23772620904013161
1178 0.23468868095380346
1179 0.2333657128167509
1180 0.22488685404834252
1181 0.26676472366326914
1182 0.25402898155296433
1183 0.25298022224345523
1184 0.2523361550708932
1185 0.22381549948320015
1186 0.21862256476389147
1187 0.21295297093014168
1188 0.21182720619693832
1189 0.20488727718493235
1190 0.18936101137293088
1191 0.1425622432162201
1192 0.09977712670313774
1193 0.2175246296809916
1194 0.2155494218401238
1195 0.22148347697189938
1196 0.22406298604540686
1197 0.19997893729881902
1198 0.22109906395075668
1199 0.23316239620068333
1200 0.23569819048524465
1201 0.18334976401162095
1202 0.14394724935841105
1203 0.13089276721653137
1204 0.10673214307833158
1205 0.08750073423479475
1206 0.19810596121070373
1207 0.18290024014597603
1208 0.1813045994125211
1209 0.05054405869036463
1210 0.1232751501178106
1211 0.13843414895686199
1212 0.14869395032046392
1213 0.039494393557451074
1214 0.12828901443480176
1215 0.14191556200953998
1216 0.14860700009411798
1217 0.100727143103653
1218 0.09000774703574979
1219 0.1360749061270244
1220 0.17338857009771785
1221 0.08026554324502563
1222 0.07469699450846286
1223 0.07554212059952094
1224 0.11349163882157402
1225 0.0886495190889444
1226 0.0917966377946215
1227 0.12714539718053286
1228 0.15928426850863306
1229 0.06841464911287383
1230 0.05755419499850867
1231 0.06781589145834731
1232 0.06831609660189725
1233 0.1025567098440614
1234 0.11886401480736894
1235 0.1297617170221055
1236 0.12528848886395644
1237 0.16839644380761748
1238 0.13450542327060253
1239 0.11496254562493416
1240 0.08747256025531802
1241 0.06993086538988015
1242 0.10098810510377867
1243 0.10877310268267926
1244 0.11296916076295284
1245 0.06208008033665509
1246 0.1743574604875663
1247 0.20084001027222362
1248 0.2276486891258699
1249 0.11696561836790861
1250 0.11899831394546502
1251 0.10850078877275363
1252 0.10850705651503986
1253 0.041046398891819984
1254 0.05174233075933035
1255 0.054297318287593564
1256 0.05656536544954807
1257 0.20273166121883807
1258 0.19610334509814753
1259 0.17756541325996392
1260 0.16830527228257275
1261 0.12717428648395745
1262 0.06432150099847243
1263 0.05699036058307504
1264 0.056654157412116664
1265 0.14223913366691718
1266 0.10779487097073659
1267 0.11132272871110384
1268 0.10253755873297872
1269 0.06066876112588547
1270 0.052266182871854375
1271 0.05287795527696341
1272 0.06393894396325142
1273 0.04667810692915415
1274 0.044636799337810645
1275 0.050015788455802894
1276 0.05652409840958607
1277 0.06708563098049383
1278 0.18356220668951478
1279 0.21050403795059594
1280 0.17513319472411804
1281 0.04005590869222279
1282 0.04841303289669355
1283 0.055026297657992
1284 0.06277999349576428
1285 0.11802146827728288
1286 0.0718372359775794
1287 0.04603937763199524
1288 0.03948302912814532
1289 0.15771424902016515
1290 0.19893191344506883
1291 0.20126835245864835
1292 0.18351323085382712
1293 0.06070320635239527
1294 0.1546470599837058
1295 0.17632782709890193
1296 0.18414077791291558
1297 0.21897680463851749
1298 0.1696145567395397
1299 0.20199111068358563
1300 0.2202884134340103
1301 0.05420098404942737
1302 0.13479901111917997
1303 0.17707652332146398
1304 0.19274806654959858
1305 0.03616993307350858
1306 0.12742988852769732
1307 0.15730276406991658
1308 0.18664746198271992
1309 0.23605650877673381
1310 0.13752758532765605
1311 0.10836986529172259
1312 0.07582920003312676
1313 0.08607619694834873
1314 0.05263301768509761
1315 0.04864855017502598
1316 0.0463821757341896
1317 0.21584020294790832
1318 0.2645091603535774
1319 0.2657766825268478
1320 0.265317499175706
1321 0.113819147617333
1322 0.10467127348865253
1323 0.1754520410569364
1324 0.20725425445702841
1325 0.2599911326944851
1326 0.2599994272489721
1327 0.2627699495919793
1328 0.2617874976195778
1329 0.1526807805712499
1330 0.13198664658487982
1331 0.11025721177450215
1332 0.09680589164858146
1333 0.10655069880465391
1334 0.1753010229246042
1335 0.1932522103716006
1336 0.2087978397082537
1337 0.179211400448059
1338 0.05836337058645437
1339 0.03807964199201645
1340 0.0845012233785372
1341 0.17799813994361477
1342 0.18135579645756889
1343 0.1812710519521335
1344 0.17716898694742905
1345 0.06847670796801113
1346 0.06949330677337029
1347 0.06868155209470066
1348 0.07054292941323566
1349 0.051238766024697985
1350 0.03761197660323149
1351 0.04099160426650678
1352 0.04396872114565734
1353 0.15041554503001692
1354 0.2417447080396595
1355 0.24010742127299986
1356 0.23532699219825254
1357 0.07860842802713743
1358 0.061578686009202625
1359 0.0697423697796739
1360 0.07170065601910158
1361 0.06012252961361204
1362 0.10594752229775452
1363 0.12877246197839234
1364 0.13958352521569428
1365 0.07292884171333282
1366 0.10757946086914921
1367 0.13795509425129757
1368 0.15886990041679266
1369 0.1746696974349439
1370 0.08217404723860439
1371 0.058854533837909624
1372 0.04892523448494057
1373 0.18692477118714104
1374 0.23794972717881033
1375 0.2197173687035153
1376 0.18959582583035978
1377 0.06584240502969531
1378 0.1342255039039882
1379 0.1511293386150391
1380 0.1621145003024291
1381 0.048884659509002594
1382 0.13648559448143335
1383 0.1446609284718551
1384 0.14930863050617288
1385 0.06485263546449477
1386 0.06815758943712712
1387 0.06593245717971077
1388 0.06142919418566469
1389 0.0771664081323882
1390 0.16493799740050474
1391 0.17836783978848997
1392 0.1948365277097359
1393 0.15008769564437927
1394 0.05839416129222894
1395 0.04864889052649144
1396 0.03958790724340771
1397 0.1340972312193353
1398 0.22055536493932965
1399 0.23485337345724527
1400 0.22026369063627335
1401 0.06622502764933412
1402 0.14044900593751336
1403 0.17099504122547193
1404 0.18502686656666129
1405 0.1809580902805191
1406 0.15190522877005463
1407 0.13801734575511232
1408 0.1241063822875425
1409 0.0377566327927834
1410 0.12220710808494915
1411 0.12793534023763578
1412 0.11355585385717971
1413 0.13651964862107538
1414 0.08423782624465075
1415 0.07501312684225754
1416 0.07439488540496977
1417 0.10931355664724425
1418 0.12323868501607671
1419 0.1103864554178693
1420 0.1158246347106197
1421 0.07954689588646238
1422 0.06049565875556965
1423 0.06041505157719328
1424 0.07982701314627383
1425 0.05158918064966998
1426 0.08301489899663715
1427 0.09694191290688568
1428 0.11309566072220487
1429 0.07989253939053682
1430 0.053798738128387376
1431 0.07244632327534647
1432 0.10327562520293057
1433 0.055587393544544304
1434 0.1385503083877863
1435 0.17729064363746758
1436 0.20244696855334826
1437 0.06007602559602326
1438 0.24559194441373267
1439 0.2576414095261843
1440 0.26300976124104936
1441 0.21314692446364517
1442 0.1233312219721096
1443 0.10670076317780587
1444 0.0801401765231238
1445 0.06884759624484303
1446 0.05587031551019768
1447 0.05510874850613606
1448 0.05306163195840786
1449 0.07827575202672812
1450 0.08270637221088159
1451 0.07523483521708285
1452 0.07159697559029686
1453 0.08683494634131575
1454 0.13202385841405997
1455 0.13518689050273103
1456 0.13876440134276463
1457 0.06903657957228633
1458 0.1540034913365715
1459 0.1688193569435563
1460 0.18116636996902827
1461 0.07648077249402023
1462 0.043669146674544884
1463 0.04277100449618087
1464 0.039482393715750644
1465 0.06678809003405167
1466 0.05757308823398994
1467 0.05613400423364507
1468 0.05251518652874423
1469 0.07942631742212321
1470 0.07588907832828296
1471 0.07165563302836937
1472 0.0677678879808727
1473 0.12858606869325018
1474 0.05547290645298792
1475 0.10307779983510101
1476 0.1266083305470809
1477 0.11461131980528892
1478 0.22068958654678147
1479 0.2355020916328838
1480 0.2262446686368314
1481 0.16907883690969092
1482 0.24094386310933105
1483 0.2373345494696085
1484 0.23481398800880215
1485 0.1607761954704811
1486 0.058924725590841665
1487 0.062394414189085944
1488 0.10612521491891337
1489 0.0810050426642535
1490 0.10530903081898454
1491 0.15612539852483956
1492 0.20212289660213772
1493 0.10470159920166246
1494 0.06748164193420271
1495 0.12060106398189248
1496 0.17475100876562677
1497 0.06322303684932877
1498 0.13887491136827146
1499 0.1711487391558539
1500 0.19650374333306853
1501 0.22729746649064853
1502 0.16144235928603545
1503 0.12658946295274995
1504 0.08681219288189114
1505 0.1613241150340829
1506 0.18987848982499436
1507 0.1860163086283707
1508 0.17718223279612996
1509 0.07866390461877522
1510 0.1370204651696695
1511 0.13169660179231557
1512 0.12933902750247095
1513 0.17376773700762524
1514 0.2098377238660932
1515 0.20030825868831498
1516 0.19329236857723986
1517 0.05779268999282195
1518 0.06194265557753851
1519 0.061254252189569536
1520 0.06147037255971287
1521 0.08674014081769975
1522 0.08833488798636883
1523 0.0883361703853434
1524 0.08692010898621237
1525 0.056043398278057585
1526 0.06466790919733467
1527 0.06829974950227224
1528 0.0706206905654206
1529 0.07791226649416545
1530 0.09346082469390775
1531 0.10419833867747655
1532 0.10923836098957143
1533 0.09568771926763585
1534 0.14238871403066639
1535 0.17117669553939593
1536 0.18569349167543345
1537 0.1105923442314353
1538 0.03458600948589392
1539 0.03231172607323318
1540 0.04291342158371957
1541 0.08262591316103568
1542 0.07313985716940513
1543 0.06169396970312074
1544 0.036604445255845434
1545 0.16122913259438185
1546 0.08095315219649712
1547 0.06699858840341334
1548 0.05823672373395747
1549 0.16380981537827063
1550 0.12323446467687803
1551 0.07333383213020228
1552 0.04516280542918507
1553 0.2069072864798726
1554 0.26417780631351007
1555 0.25980911308062293
1556 0.23649344353009719
1557 0.051047495040021755
1558 0.17964375688820372
1559 0.19590653630073077
1560 0.20103587259131697
1561 0.06672955387254548
1562 0.17232017511856224
1563 0.1868822960703708
1564 0.2020451864296845
1565 0.06935937951871492
1566 0.07086458589151186
1567 0.06880974877883864
1568 0.06679660689991308
1569 0.04587131868149239
1570 0.13454515514634494
1571 0.14733247181515377
1572 0.170948042776793
1573 0.13455705197684653
1574 0.05792685138235375
1575 0.06887418028980845
1576 0.06806982205914439
1577 0.08698991424862638
1578 0.20331398227935113
1579 0.21814024613434432
1580 0.22775263712575805
1581 0.23758284852013237
1582 0.23664570595557574
1583 0.23109726888903495
1584 0.222396244169443
1585 0.08467500883497846
1586 0.06349563269429927
1587 0.0616240873152203
1588 0.05880880337369365
1589 0.08548729770144421
1590 0.134970996394915
1591 0.15471200337163066
1592 0.1685729885045262
1593 0.19445390746086755
1594 0.14103725432680997
1595 0.09925633116116724
1596 0.0644281344432902
1597 0.09973083472845216
1598 0.0917060075544657
1599 0.08500737224949709
1600 0.07975630447186975
1601 0.07739215511863841
1602 0.07222531463087373
1603 0.07097687463017245
1604 0.07075794268997626
1605 0.05458410450574696
1606 0.057343937114459766
1607 0.05721610386608521
1608 0.056419973470650586
1609 0.04783322443813707
1610 0.046582689935313074
1611 0.04722133737139472
1612 0.05052954185776892
1613 0.22001282124959148
1614 0.14146392220110424
1615 0.18614878815990374
1616 0.19346890511840467
1617 0.16623276662328268
1618 0.15728164879136872
1619 0.16077578939405915
1620 0.1523299077626592
1621 0.0949478186791537
1622 0.11595883632929972
1623 0.12634668918841852
1624 0.13962432083790685
1625 0.12013717686268421
1626 0.09268397396892458
1627 0.08924480156557968
1628 0.08214382043671775
1629 0.05494933627792573
1630 0.0739644540469297
1631 0.09298668612347889
1632 0.10927392626860241
1633 0.04791136594913292
1634 0.0508383496815715
1635 0.0714483328027843
1636 0.10338731591158806
1637 0.19904839595172436
1638 0.18077010377797348
1639 0.17747539587470454
1640 0.16716000907655582
1641 0.13330713012868342
1642 0.12747645323692366
1643 0.12748372236858668
1644 0.1264918476219745
1645 0.08247727058729627
1646 0.07127555871655153
1647 0.06974286655436737
1648 0.06868329178230552
1649 0.17129447206588108
1650 0.21143843717668429
1651 0.21363589797813842
1652 0.21662455045886658
1653 0.09313483191552824
1654 0.054733869751085545
1655 0.05587435206753779
1656 0.05707818444687587
1657 0.05325112598211622
1658 0.05529441693033181
1659 0.05617716227444099
1660 0.056904798425462755
1661 0.05803001193964019
1662 0.05956961680497468
1663 0.06170887234415776
1664 0.0632806714166321
1665 0.04031003973795098
1666 0.041649437937337205
1667 0.042915982949029215
1668 0.04394786496099632
1669 0.06187530955047539
1670 0.09577383586598735
1671 0.12698104143468575
1672 0.15135158043085867
1673 0.0566169652433573
1674 0.10113097313431824
1675 0.13312521368226546
1676 0.15846478715392812
1677 0.21400887173449623
1678 0.17194353995089198
1679 0.15526342705786894
1680 0.13493849384707088
1681 0.0484435698478881
1682 0.06376243257788099
1683 0.08621137489365582
1684 0.10602170850943575
1685 0.11900380939204172
1686 0.04529520940538446
1687 0.07917209048048036
1688 0.09802462504322837
1689 0.0925078633393406
1690 0.12307495639044982
1691 0.12545420132435645
1692 0.13191417670308625
1693 0.04615798235707064
1694 0.09778616776235691
1695 0.12243452246675293
1696 0.14058405618284153
1697 0.15639349651824022
1698 0.12532164200360457
1699 0.09672145550712385
1700 0.06769929820964261
1701 0.15473818557306313
1702 0.23821076883489742
1703 0.22646335841560777
1704 0.2125035078373934
1705 0.21642874527150038
1706 0.18026622372064582
1707 0.17124429730876456
1708 0.15663609565590575
1709 0.07840216197556582
1710 0.05608878194571387
1711 0.06030334671902183
1712 0.061697383749458136
1713 0.06632659052744357
1714 0.06776340215391136
1715 0.06777916005698016
1716 0.06785776315064884
1717 0.06376136572903492
1718 0.057990988841595384
1719 0.05837299055546747
1720 0.07210166330940922
1721 0.09765117626177597
1722 0.06852437806937284
1723 0.1591301239575513
1724 0.21183016799711185
1725 0.05638183945667334
1726 0.15435880212611885
1727 0.16957891676334153
1728 0.18045915322061987
1729 0.07758198639352848
1730 0.05603621214748802
1731 0.08524016275462121
1732 0.11673917585946147
1733 0.054628950228478114
1734 0.1705570879760015
1735 0.1904492165335692
1736 0.20826337814533744
1737 0.22687288006478637
1738 0.03694796861346855
1739 0.08106449461334722
1740 0.1685425854435539
1741 0.29444550526873786
1742 0.25512151572539227
1743 0.23852654935384815
1744 0.22623949358675224
1745 0.1771910805315987
1746 0.150157659285149
1747 0.1362186392201981
1748 0.12510021007934996
1749 0.06969261481831973
1750 0.07209859597690602
1751 0.07138050579407039
1752 0.07026430606896587
1753 0.07913602213655666
1754 0.0383135329267068
1755 0.034360716782073905
1756 0.03898587438616962
1757 0.06026847130215385
1758 0.035154102946117864
1759 0.03433757732428791
1760 0.03263752735807142
1761 0.06044312344255233
1762 0.15134655486472307
1763 0.1678784160666184
1764 0.17876267193414205
1765 0.0538717343942482
1766 0.05116257698251114
1767 0.05576334549287306
1768 0.055183736405446895
1769 0.056623625165586465
1770 0.07722020747812225
1771 0.08226139258566814
1772 0.08496690994702086
1773 0.18085679881325598
1774 0.15635298902174058
1775 0.14469821458709572
1776 0.11644533525584708
1777 0.07048395444212284
1778 0.09364482549198132
1779 0.09218287587051185
1780 0.08736569962773601
1781 0.09980788515588357
1782 0.07153464227718918
1783 0.06329249992143383
1784 0.04853341894902044
1785 0.05196096638059339
1786 0.076010182173271
1787 0.09672907155929217
1788 0.12372739671342883
1789 0.10845287992633788
1790 0.05376222038022682
1791 0.04827184339858435
1792 0.04177016383936426
1793 0.24535138520869804
1794 0.2267241861512372
1795 0.21831812671449147
1796 0.19428089988560446
1797 0.1481723113857673
1798 0.05647999922253419
1799 0.03604057718669572
1800 0.04350922491741524
1801 0.07642524413274565
1802 0.0771817184280569
1803 0.07940809992268437
1804 0.07825843466327627
1805 0.1969380754569179
1806 0.2581469036910558
1807 0.26731702827785125
1808 0.2766907287245147
1809 0.16407537484315193
1810 0.13118683769187373
1811 0.11656962051747108
1812 0.10780206638400112
1813 0.0862675494069381
1814 0.13687482858504924
1815 0.1353727545564839
1816 0.14099758081594782
1817 0.10389739791418326
1818 0.1281345371847871
1819 0.12740229539184528
1820 0.14265182256297232
1821 0.05088125353833758
1822 0.05914130546326924
1823 0.06420226648462171
1824 0.06833624043571186
1825 0.11197467104122975
1826 0.06298139207446692
1827 0.05565372430614763
1828 0.054175095475956225
1829 0.044897808630512494
1830 0.04084713068929739
1831 0.043020724458894655
1832 0.046804669040606345
1833 0.0665260566826691
1834 0.06842585841653304
1835 0.07459399626562004
1836 0.08526843899598327
1837 0.046818245189602814
1838 0.07475618932838692
1839 0.07979542431435883
1840 0.08771960688567164
1841 0.0322711795621765
1842 0.03886727531157895
1843 0.046939137846827836
1844 0.05627402751323005
1845 0.0630996913123171
1846 0.07059487937953748
1847 0.0724786666925216
1848 0.07399351885317837
1849 0.12387179323883775
1850 0.0858707857799803
1851 0.07940419408185924
1852 0.07077209340141015
1853 0.07729955772063397
1854 0.07055181513263
1855 0.0689974217173966
1856 0.06864116154871466
1857 0.06382838030754791
1858 0.05419877013772921
1859 0.04382454780897642
1860 0.03393790614223783
1861 0.030666222567597785
1862 0.04648263244897267
1863 0.05220479249199083
1864 0.06178576344072052
1865 0.17453032983083255
1866 0.2398105906217112
1867 0.24058870630345514
1868 0.22883243623687985
1869 0.1389696714836038
1870 0.08424760263118586
1871 0.07523245325452158
1872 0.06739027082113223
1873 0.3004610351963172
1874 0.2906602378562586
1875 0.2718511212668093
1876 0.2512714098332541
1877 0.23760951040007988
1878 0.23957765849440815
1879 0.21114509311550167
1880 0.1795973515270326
1881 0.23036395960927794
1882 0.3225614127211947
1883 0.335923225595794
1884 0.3416252772387096
1885 0.384691573630465
1886 0.3667785178701963
1887 0.3473995257542043
1888 0.32253898284270305
1889 0.08499593640063231
1890 0.1735304579727178
1891 0.1968421786833325
1892 0.2150587467944481
1893 0.29254853168670875
1894 0.2883573943169912
1895 0.28469899707100593
1896 0.26955709116063475
1897 0.04420117988342012
1898 0.17885781067957654
1899 0.20865247591185784
1900 0.23518354190770563
1901 0.2510753401349478
1902 0.25517296291478725
1903 0.2548096589234375
1904 0.2506271939727548
1905 0.09950123688387474
1906 0.08988079904359621
1907 0.08751351222877411
1908 0.09325395096789933
1909 0.16150608304661263
1910 0.22768251571382694
1911 0.23398374678846856
1912 0.24408330669260334
1913 0.16687046363013983
1914 0.15370501102037862
1915 0.1468002444180371
1916 0.14073207594350254
1917 0.07701067315856223
1918 0.1781597892665411
1919 0.19347673109841215
1920 0.2033692573101716
1921 0.0828596029833138
1922 0.08512131387621562
1923 0.08809634961270404
1924 0.09085799895692306
1925 0.18063205952356653
1926 0.2125582683053625
1927 0.21241061268725173
1928 0.20324388939628915
1929 0.08646829718875342
1930 0.04716863631827985
1931 0.05174635673796469
1932 0.052882858159149754
1933 0.21723377556626158
1934 0.18625952221051525
1935 0.12053508853231402
1936 0.07923109279625416
1937 0.0646212628559458
1938 0.029340990655968884
1939 0.03028578947376316
1940 0.02941827739094857
1941 0.04767167828115098
1942 0.058919736806698216
1943 0.07848740646699172
1944 0.10120472334861402
1945 0.10517005870656806
1946 0.10769391117648529
1947 0.10163240527263628
1948 0.09920747581964666
1949 0.10988750182339514
1950 0.19010515075993434
1951 0.19995920441716278
1952 0.20049279802473513
1953 0.0516225015429464
1954 0.08917984730032298
1955 0.1050226290623685
1956 0.11152402398986447
1957 0.11204797227319072
1958 0.0782877194385182
1959 0.0757663922955377
1960 0.0715056291420717
1961 0.20010568331615505
1962 0.26689809973607814
1963 0.2748735859788978
1964 0.2775943196439356
1965 0.20360985988407554
1966 0.1802907841822897
1967 0.16682706356935736
1968 0.15572792193477294
1969 0.08345517843354883
1970 0.15166107412811078
1971 0.14895375621644294
1972 0.1407083361677102
1973 0.1893972290105134
1974 0.20743716793423655
1975 0.18975744457946114
1976 0.17250144688230226
1977 0.04888921862916086
1978 0.055772843896755506
1979 0.06959722744397949
1980 0.07857997625935256
1981 0.043243342112459525
1982 0.04083592056264498
1983 0.04178576338003465
1984 0.042393890703165904
1985 0.09678904910819257
1986 0.12514620133513002
1987 0.11538858227978246
1988 0.10182673411704407
1989 0.12427222227643658
1990 0.10989850115188585
1991 0.09970156685717937
1992 0.09179513452842646
1993 0.06284465316571945
1994 0.03173684116430153
1995 0.031099529334725547
1996 0.034924414632572676
1997 0.10198088304045036
1998 0.17812979788218486
1999 0.18571892493870715
2000 0.1940623154745432
2001 0.14352086748672416
2002 0.08186350250864836
2003 0.08754102415087688
2004 0.07839557050484328
2005 0.10104564150569537
2006 0.07829494320947082
2007 0.07697170718031113
2008 0.07469712794484441
2009 0.060180505015136526
2010 0.09529726493389434
2011 0.1442877606728751
2012 0.18084160674490793
2013 0.12004300860021369
2014 0.056397751219751775
2015 0.05325958092042175
2016 0.05400908655421686
2017 0.06121865496906716
2018 0.14496129932546634
2019 0.16602247673391382
2020 0.18602022510989985
2021 0.11065339059428528
2022 0.046886563351029385
2023 0.04563059279034415
2024 0.03711001984412138
2025 0.04841730401845788
2026 0.058585395091262156
2027 0.062232412692516025
2028 0.06524357744776832
2029 0.06566550855773183
2030 0.1132777964454741
2031 0.13311805620170042
2032 0.15303505023431027
2033 0.04359539260816734
2034 0.16772017311445464
2035 0.150719265532476
2036 0.1377709354218255
2037 0.08878587848724125
2038 0.10932357310990022
2039 0.09756166423833769
2040 0.09745234286463324
2041 0.17627586921192492
2042 0.18573059683294177
2043 0.18084832227828881
2044 0.16856119854660226
2045 0.07521881626885896
2046 0.08759367574432209
2047 0.09698432086772105
2048 0.09985140538221068
2049 0.08719496250473328
2050 0.08867141945481004
2051 0.07898749301387463
2052 0.06185705932304668
2053 0.15327463705591468
2054 0.10167545502751323
2055 0.07926965332489376
2056 0.06619276411061983
2057 0.1848392913778921
2058 0.25752377379044117
2059 0.26585439171481323
2060 0.2701856521842206
2061 0.1270426463596622
2062 0.06767738785906466
2063 0.06954792141287992
2064 0.09829391445758713
2065 0.12177232119521379
2066 0.10427750390423188
2067 0.10531085189439895
2068 0.10412772976054038
2069 0.11082836038102604
2070 0.11999671022843404
2071 0.10214216126784115
2072 0.09459165019414288
2073 0.05691000647221339
2074 0.05286722610185144
2075 0.05174133281428146
2076 0.05486792438431895
2077 0.07088292207258799
2078 0.0678120053428856
2079 0.07189322012160301
2080 0.07606294406932786
2081 0.121087368022918
2082 0.11862242410286244
2083 0.11214200050069274
2084 0.10649890644824607
2085 0.051373382864885034
2086 0.09661995121431068
2087 0.131086502027447
2088 0.14810117684981544
2089 0.05476464469891487
2090 0.06779829178383212
2091 0.08489971755515875
2092 0.09966982961190501
2093 0.0642727399311022
2094 0.09672023018001441
2095 0.11691299563547398
2096 0.1303122679338872
2097 0.05482181404911632
2098 0.05664944674387024
2099 0.059106748103722365
2100 0.06277703430353881
2101 0.07406905642053756
2102 0.07141905699933213
2103 0.07147348413513936
2104 0.07181740020570229
2105 0.21804284617537995
2106 0.16248002456246233
2107 0.11953228270234631
2108 0.04569807491026712
2109 0.10363449508712028
2110 0.11253423748325954
2111 0.11717587202330276
2112 0.10848400506037782
2113 0.2398079739901922
2114 0.22585159182737002
2115 0.18061579267102715
2116 0.10252804146753156
2117 0.07253984513832135
2118 0.0741150715702193
2119 0.0737888910050291
2120 0.07280069588177193
2121 0.06882424363379198
2122 0.1274266304652071
2123 0.17292380267776092
2124 0.22928213017814983
2125 0.03728135925149603
2126 0.07303781420436302
2127 0.06621899936131427
2128 0.06901992876668976
2129 0.046415375227525695
2130 0.14006711582515438
2131 0.18303974834793754
2132 0.22937658560303253
2133 0.06997742387622428
2134 0.07466408676174313
2135 0.08120510583879909
2136 0.09203598030642461
2137 0.22450462252392892
2138 0.29932464966971695
2139 0.3116042317935042
2140 0.3212467347711336
2141 0.20322405170561633
2142 0.12722698097333152
2143 0.10457030862842162
2144 0.08286757960809965
2145 0.07323742447985782
2146 0.17664760468731106
2147 0.2104947634548429
2148 0.23837920185069075
2149 0.26990096863009033
2150 0.201697746857256
2151 0.19525882581342016
2152 0.1825631000079655
2153 0.11036246094996223
2154 0.08596233939876095
2155 0.08161630512903773
2156 0.0833752949211869
2157 0.0743348253322964
2158 0.07477103249480746
2159 0.07556348683009956
2160 0.07664057826730528
2161 0.08356101704598788
2162 0.09271544588406817
2163 0.1060866688680019
2164 0.11715001414999847
2165 0.0937450775480304
2166 0.1116714756850342
2167 0.11244744639014265
2168 0.11126686156110738
2169 0.15118830522031115
2170 0.0892797621460101
2171 0.08407736621256585
2172 0.07821684241492706
2173 0.04798419903046497
2174 0.05303060805671847
2175 0.05383736011597671
2176 0.053440856348356505
2177 0.11182566075446165
2178 0.10948755574885691
2179 0.1129840942544511
2180 0.11679582544078762
2181 0.13312397717879698
2182 0.13441084092245584
2183 0.14176696643129197
2184 0.14989365145832523
2185 0.06996727529742465
2186 0.06623617689206894
2187 0.06736508442411455
2188 0.07096477928402556
2189 0.09860403331183484
2190 0.07238743737322607
2191 0.07463182269327606
2192 0.07749002488135533
2193 0.13787201723421394
2194 0.19758645467011335
2195 0.21664907775380177
2196 0.2300244313181749
2197 0.24279129712870967
2198 0.2218349123453152
2199 0.22230287113826394
2200 0.21647979967477654
2201 0.13385478564710449
2202 0.10269335244707303
2203 0.10365445474847108
2204 0.102199542595204
2205 0.12454910061008964
2206 0.17822527170624375
2207 0.19305035017919306
2208 0.20653858546582948
2209 0.1545683418059209
2210 0.1417719549714317
2211 0.1318174691596166
2212 0.12449354364075105
2213 0.06832335127196094
2214 0.08526114465499844
2215 0.08451437690423255
2216 0.07820025879006817
2217 0.053761183986575534
2218 0.056915221162450326
2219 0.05824353944835464
2220 0.059534679817247665
2221 0.06570438565659667
2222 0.05875695494563283
2223 0.055595980175749744
2224 0.05331498586533202
2225 0.054260864258921904
2226 0.09401835244631175
2227 0.09804288304192242
2228 0.10317084291478773
2229 0.02782383854510921
2230 0.028378849798916465
2231 0.029051926103498864
2232 0.0295522025757828
2233 0.11658836062763768
2234 0.1596823030860672
2235 0.16176687357688485
2236 0.16283653684726174
2237 0.1344593211743011
2238 0.05555952726602605
2239 0.04842929270517834
2240 0.05104368176902117
2241 0.06875453364145348
2242 0.08058689266459372
2243 0.08033170154595837
2244 0.07631960365668941
2245 0.08028354321533572
2246 0.08777090945015388
2247 0.07531921748010025
2248 0.0695140867672858
2249 0.04549736811638174
2250 0.06962558825986125
2251 0.08309495990576135
2252 0.09016642548470867
2253 0.1793036873123858
2254 0.2297086990006157
2255 0.21644254752243616
2256 0.19775807079509908
2257 0.04405512580105251
2258 0.09496153788046299
2259 0.12328540943005865
2260 0.148338765015714
2261 0.29116240898096146
2262 0.33911490942325784
2263 0.3278550870015358
2264 0.30704006578694293
2265 0.250712041597695
2266 0.1732457408155715
2267 0.15328813826749407
2268 0.13160358762997604
2269 0.09461361360647877
2270 0.08532839465720388
2271 0.08436819881557778
2272 0.08334887236889404
2273 0.07758630166122646
2274 0.06218650402114924
2275 0.059126045772489956
2276 0.05816526015488439
2277 0.06096014121712356
2278 0.07091305105143234
2279 0.08409372359996004
2280 0.09833340354309487
2281 0.04164337846900038
2282 0.03582262425051606
2283 0.033582815380038315
2284 0.034251259239126024
2285 0.03486375355736554
2286 0.05412330958738443
2287 0.05880294442015796
2288 0.06327099928417812
2289 0.0520616152267334
2290 0.05465280961933262
2291 0.06196344068730243
2292 0.06233782837772841
2293 0.09295326322023237
2294 0.06748312928701665
2295 0.05489936748986109
2296 0.04982409468213247
2297 0.07597233319425313
2298 0.09731735096720312
2299 0.13602539974612415
2300 0.16610227792764007
2301 0.19004196722223327
2302 0.2118764094717553
2303 0.21231117784975373
2304 0.21210917708833332
2305 0.14415881139473272
2306 0.09761209168541941
2307 0.0820831760508386
2308 0.07295623701783482
2309 0.07171015672023912
2310 0.08984565527571621
2311 0.07331140843237559
2312 0.054923877037123765
2313 0.12451570580255727
2314 0.04935756418024457
2315 0.04839297726807405
2316 0.05267712510733641
2317 0.048433769366989204
2318 0.052689649354245444
2319 0.054337485596227975
2320 0.05538480261660267
2321 0.0673545219534665
2322 0.05883443943083831
2323 0.052000983360377194
2324 0.056411972238117065
2325 0.10065677666506373
2326 0.1521307086664887
2327 0.14692947087730474
2328 0.14628465384139328
2329 0.16418117272045077
2330 0.10344135742601455
2331 0.08724174445520329
2332 0.07922328088550952
2333 0.13622853565469265
2334 0.1729810327190828
2335 0.17520327781864137
2336 0.17208276147248786
2337 0.08239575323380981
2338 0.07344529983983797
2339 0.07324275745056422
2340 0.0665750122909195
2341 0.08196941826206487
2342 0.058087602638321016
2343 0.05035187530869353
2344 0.05861345269623883
2345 0.04668673213190504
2346 0.1492079712968966
2347 0.18079012580468098
2348 0.21016408441458118
2349 0.22855062234092619
2350 0.11507974658613891
2351 0.09128254985845008
2352 0.08321236006605973
2353 0.2034340210335836
2354 0.20573272263209275
2355 0.18698135980985794
2356 0.14552039025901564
2357 0.20245362717559462
2358 0.15931414985608375
2359 0.13969883011990025
2360 0.10535842985353241
2361 0.12056903597149186
2362 0.19519004522254124
2363 0.20453785253779483
2364 0.2217576385689147
2365 0.23876206465991565
2366 0.22656195762707623
2367 0.21251343317229665
2368 0.19971931590949615
2369 0.09359556620397089
2370 0.0789924956008365
2371 0.08096525651543371
2372 0.07756816458973198
2373 0.08944307460096203
2374 0.0714424968740236
2375 0.06651292334514812
2376 0.09171538768151932
2377 0.098117283111317
2378 0.08388665065467417
2379 0.09490366475732494
2380 0.1039465453267446
2381 0.054205407984898264
2382 0.08283748024535598
2383 0.091635500896712
2384 0.10618088610910979
2385 0.08174770703929189
2386 0.09524715477877706
2387 0.09719975488856542
2388 0.09612202168335984
2389 0.0694112719617831
2390 0.06706744625987729
2391 0.06123809850148567
2392 0.05664915236249696
2393 0.09308016545459355
2394 0.11156395977428013
2395 0.11598346183015683
2396 0.1252953532660624
2397 0.036924303252847714
2398 0.031354691575176806
2399 0.050310356656202086
2400 0.07449746174029015
2401 0.1406310272055735
2402 0.12675941791047263
2403 0.12305134222853722
2404 0.11366149229982031
2405 0.0754259846896442
2406 0.06013050304880119
2407 0.055516919176110936
2408 0.05235536320638633
2409 0.10850400121559588
2410 0.1584013426724044
2411 0.16079131111415057
2412 0.16298347647760006
2413 0.08146355654553554
2414 0.08079972713475359
2415 0.07310926687532483
2416 0.06447899858772597
2417 0.07174053964948807
2418 0.11319160438282014
2419 0.13275876160796943
2420 0.15743279576139405
2421 0.16583336474487823
2422 0.13051246752224238
2423 0.11367773929524494
2424 0.10246068771679707
2425 0.1861263300877136
2426 0.26699773894592227
2427 0.26827659532323483
2428 0.25647440371598146
2429 0.10173050312894563
2430 0.20608071455877522
2431 0.22166749023528717
2432 0.2238669372250433
2433 0.2219593091563422
2434 0.10479510904564743
2435 0.04841876652698482
2436 0.03765389639277659
2437 0.16167028122379778
2438 0.14960285453584962
2439 0.14878305101336076
2440 0.13704007629941128
2441 0.3122227804541276
2442 0.40166237320620485
2443 0.4089051806738031
2444 0.4079898008693586
2445 0.23726644324599133
2446 0.08739211031919422
2447 0.08785537721133732
2448 0.11200486416409627
2449 0.3217754397603887
2450 0.28939387276558537
2451 0.26777716198971185
2452 0.23281849681429706
2453 0.0563793021731331
2454 0.040560078357041826
2455 0.038657186393894274
2456 0.03666750871686004
2457 0.19980876929148736
2458 0.29430817503802276
2459 0.31032222335721643
2460 0.3241472558097892
2461 0.33853800121979954
2462 0.2585738108300991
2463 0.19741129994138065
2464 0.12678323098771876
2465 0.17156202115009597
2466 0.2570158014096343
2467 0.26621738928406113
2468 0.27775621337286477
2469 0.19964231654946932
2470 0.21763399426842747
2471 0.22716420439049972
2472 0.23586943623971884
2473 0.0485132301594403
2474 0.07721958131180552
2475 0.11518312647952879
2476 0.14186614723817043
2477 0.19256935211984982
2478 0.13388872119587747
2479 0.09693636562111889
2480 0.07587017629068508
2481 0.1572903091978611
2482 0.1729019745283545
2483 0.16022383705577123
2484 0.1465638387052639
2485 0.10194378017874714
2486 0.13468514016850544
2487 0.1359583583075962
2488 0.14455229850458864
2489 0.08315216842335221
2490 0.08216809475332032
2491 0.0729336792555159
2492 0.08325374235661799
2493 0.2123271541666716
2494 0.19775230980995628
2495 0.16552118131513133
2496 0.1328450969481276
2497 0.04439586598787534
2498 0.043669932834272084
2499 0.039947968160932476
2500 0.034589090407127494
2501 0.1323881125675557
2502 0.14387989991120712
2503 0.1372239828714001
2504 0.13022247962994915
2505 0.20253662238051004
2506 0.16407785194768693
2507 0.14044558306779237
2508 0.11670362584637947
2509 0.06571346078410058
2510 0.05126201051636763
2511 0.05062551150645999
2512 0.04702928266184959
2513 0.033401248591523526
2514 0.05818994283633613
2515 0.06370809430083905
2516 0.07117754074222096
2517 0.10504907794784453
2518 0.1726327542648547
2519 0.1655228365315666
2520 0.160496612136891
2521 0.254629423394373
2522 0.3237834777198699
2523 0.3289330880945373
2524 0.3301217542880432
2525 0.15052608310685264
2526 0.1144283633297668
2527 0.0881659152118826
2528 0.08602972996963265
2529 0.1236146069300217
2530 0.17385591802170366
2531 0.16442362226580168
2532 0.15783526754213092
2533 0.09406352091245207
2534 0.04658837605938233
2535 0.047331095679236664
2536 0.04799790335307184
2537 0.07391006227324871
2538 0.07537963205165882
2539 0.07756485110557663
2540 0.07264470510166995
2541 0.04614938182594046
2542 0.05046326968798231
2543 0.0613061763122342
2544 0.07265456871980232
2545 0.13506281943527032
2546 0.2350261170680143
2547 0.236018141711737
2548 0.2369966319845728
2549 0.1666898977421166
2550 0.04352178673088797
2551 0.03823834135751944
2552 0.0407621404289256
2553 0.06988219026020451
2554 0.0658632135324041
2555 0.06363526606633114
2556 0.0669801605258274
2557 0.08685209916266878
2558 0.1739817914199921
2559 0.20137956637571244
2560 0.22356769859021758
2561 0.1442289768516024
2562 0.07538560464011684
2563 0.07259595124741759
2564 0.07220717516360112
2565 0.053970102869137886
2566 0.05056430178126412
2567 0.050486862344220854
2568 0.048498521198588836
2569 0.05207644073247245
2570 0.03735377523276217
2571 0.03329272793459964
2572 0.03831796782116524
2573 0.03897446360408326
2574 0.07674512808089681
2575 0.10794777971267173
2576 0.13776293759928548
2577 0.15198671867811564
2578 0.13150586474635628
2579 0.1345300194682384
2580 0.1291671430622356
2581 0.04307658255072895
2582 0.04805303477122971
2583 0.052928289670356586
2584 0.05608558274445886
2585 0.06324265886629381
2586 0.04743906530688701
2587 0.08173695486566354
2588 0.12334246530483728
2589 0.09998694441302619
2590 0.0713550108401442
2591 0.06936863144559642
2592 0.06583498523185008
2593 0.048801922569322614
2594 0.07351506901936156
2595 0.07271124798650862
2596 0.07241445323856013
2597 0.12735215417003753
2598 0.11248039076437402
2599 0.08470651774489873
2600 0.05247918182161643
2601 0.06540088223422694
2602 0.18243365766045447
2603 0.21317271709868593
2604 0.23442307581977756
2605 0.1564785905380205
2606 0.08755782251842142
2607 0.08616219260849454
2608 0.08301074385084042
2609 0.09413595280948596
2610 0.16709835383988958
2611 0.18746889545154352
2612 0.19866581714208187
2613 0.2771142668526256
2614 0.2164328003771746
2615 0.17768000019099
2616 0.13847982015734422
2617 0.13588428514155337
2618 0.20524907489437885
2619 0.2090348066417193
2620 0.2097692415115946
2621 0.12375973392411833
2622 0.13240216797784882
2623 0.13213764435079703
2624 0.13352581079588605
2625 0.14687524719620593
2626 0.1053867428628032
2627 0.07816858318613283
2628 0.05842070713394825
2629 0.062148345982278384
2630 0.05365272730842273
2631 0.04980275987441904
2632 0.04924804877764385
2633 0.09484993327317429
2634 0.07495483938835036
2635 0.07361621843040565
2636 0.07212348207010369
2637 0.052577106841438556
2638 0.057061961700807136
2639 0.060670265966052433
2640 0.07260916087624454
2641 0.1533606996541142
2642 0.10481213841185653
2643 0.07971005498476338
2644 0.058739895240071706
2645 0.04078159848181262
2646 0.07449391880180505
2647 0.07898060639766333
2648 0.08526688268624978
2649 0.08133544914265618
2650 0.1298644457809187
2651 0.1410623503069706
2652 0.1533884613684454
2653 0.039401085529196654
2654 0.04502088923732166
2655 0.066383116522923
2656 0.08467407975266761
2657 0.15141281988158994
2658 0.0883402943640538
2659 0.08959838174864951
2660 0.08795617913379382
2661 0.13975494948520295
2662 0.10473673612445446
2663 0.09401206767643679
2664 0.07586857799006765
2665 0.058458255539498266
2666 0.04979401816258302
2667 0.06422539037227405
2668 0.07825344319216004
2669 0.09385131342019748
2670 0.060818923610945375
2671 0.0710948204097428
2672 0.1067766336204581
2673 0.13171046184076027
2674 0.1942932173501585
2675 0.18740525925288
2676 0.1784626030738744
2677 0.0602742106879912
2678 0.08247852739061194
2679 0.0878507739043927
2680 0.09081842762680377
2681 0.06008957517901248
2682 0.05379340329117725
2683 0.05871873909078889
2684 0.0738371158756554
2685 0.06576302651058862
2686 0.13886168515347524
2687 0.15233829779038216
2688 0.16915523101879035
2689 0.08290654333252187
2690 0.08244965091735543
2691 0.07724414121395165
2692 0.07306826863495099
2693 0.11353066611797194
2694 0.18608759511120632
2695 0.18929865712585858
2696 0.19822083600421148
2697 0.2279561829625149
2698 0.27204561816765743
2699 0.28963759975994885
2700 0.2986191497065213
2701 0.06925009352106908
2702 0.10941560255126492
2703 0.15757970519433417
2704 0.19485120320276653
2705 0.16008869970705503
2706 0.21341565403380294
2707 0.22347027958026497
2708 0.23468959320259097
2709 0.15162221095189773
2710 0.09660262445303745
2711 0.09291696519108943
2712 0.08870794647516515
2713 0.0702302679882727
2714 0.06835285379395738
2715 0.07257155953116312
2716 0.08987687158026587
2717 0.05308098677895774
2718 0.08881013415400064
2719 0.11239891519274667
2720 0.13041939795211613
2721 0.14745376388631434
2722 0.1827541019142651
2723 0.18820955045687632
2724 0.1941258068304467
2725 0.2011313775333346
2726 0.1866252331892698
2727 0.18515895840478686
2728 0.1793107857854159
2729 0.07762781256293208
2730 0.06711820279602505
2731 0.06951792228114355
2732 0.07047543677340821
2733 0.058384119761269865
2734 0.04645481243407564
2735 0.048378166538866105
2736 0.05073944963894687
2737 0.1266429281550482
2738 0.11310248976008934
2739 0.11393445092581664
2740 0.11182549532209875
2741 0.04928105663485193
2742 0.0413933075684678
2743 0.04367660437695843
2744 0.04856170364697023
2745 0.05358764639991883
2746 0.056634101482428104
2747 0.057124388126376956
2748 0.056169327040781994
2749 0.10818006908723789
2750 0.12481056125825722
2751 0.12706606894298708
2752 0.1289871904190587
2753 0.2287086694117152
2754 0.24319620786587667
2755 0.2540655537358977
2756 0.25907275089190385
2757 0.2334296897250614
2758 0.20386951784658072
2759 0.19611876823124594
2760 0.184466543692463
2761 0.0889804505287127
2762 0.0844986681025554
2763 0.08379394602945278
2764 0.09708404028448873
2765 0.10557181193571229
2766 0.11123173387681574
2767 0.11470824333383434
2768 0.1175100126650814
2769 0.05202104232815995
2770 0.058256349875486786
2771 0.06399886469327194
2772 0.06540401834111734
2773 0.14573761733443344
2774 0.1322730822642628
2775 0.12088325001861643
2776 0.10597816248272057
2777 0.10389641088606767
2778 0.10349992303295064
2779 0.09906931768424442
2780 0.09401825079444927
2781 0.09590663893662793
2782 0.12907524827396719
2783 0.1414582913954837
2784 0.15198579698365536
2785 0.09332038563777283
2786 0.06370482301110866
2787 0.0513379084363128
2788 0.045597816048433465
2789 0.14032660808108968
2790 0.15473768308212474
2791 0.14499552132207197
2792 0.1315892007110696
2793 0.10245459111824201
2794 0.09177061792522699
2795 0.07560252199714289
2796 0.06027936561499318
2797 0.045894959430368296
2798 0.03769926285800681
2799 0.04806164320058706
2800 0.05630746681103196
2801 0.07364416412841289
2802 0.10424754571287848
2803 0.10489954220419513
2804 0.10861424870365288
2805 0.05692214371192966
2806 0.058052070157265066
2807 0.0690499287466313
2808 0.07521653719363963
2809 0.1434310564850654
2810 0.17327954047858143
2811 0.16567942108848038
2812 0.15513792009311342
2813 0.1020219720923654
2814 0.05922427002221868
2815 0.06303672738952144
2816 0.07001114263366619
2817 0.1837128397404013
2818 0.2535922489778523
2819 0.25937844367107654
2820 0.26306910328062555
2821 0.27342010154609814
2822 0.23077570187943725
2823 0.2038776545914679
2824 0.17918383197689078
2825 0.13064771817958118
2826 0.09471453222957253
2827 0.09098604320743013
2828 0.08489797694484895
2829 0.08377130699754298
2830 0.05976818393722772
2831 0.07820277700337763
2832 0.0978843136035578
2833 0.0548911828914469
2834 0.11908100450966068
2835 0.1424420143218144
2836 0.16474077197750636
2837 0.12973342115144795
2838 0.10015957222727373
2839 0.08893242792968589
2840 0.07603286785268486
2841 0.05307803432395753
2842 0.06902216148325971
2843 0.08705440794728965
2844 0.10107365268109833
2845 0.06123036100406338
2846 0.10448920011021227
2847 0.13425215491428308
2848 0.15998267670743685
2849 0.09140528207982149
2850 0.04865617555036427
2851 0.05625859136118882
2852 0.08223812984946514
2853 0.07692628451478987
2854 0.08865084814615662
2855 0.08605502120824017
2856 0.08454671362973615
2857 0.08454522579565489
2858 0.13903260942938325
2859 0.20100752450205606
2860 0.24440518122636362
2861 0.16176797805088128
2862 0.08624483080790843
2863 0.08186352907197002
2864 0.0770500848126387
2865 0.06072751102582051
2866 0.10375480474659594
2867 0.11865889405855076
2868 0.14107218493176188
2869 0.03439784096242007
2870 0.049779913846623634
2871 0.05992585308089732
2872 0.05986107527426308
2873 0.16371818850268094
2874 0.05270484601060447
2875 0.05457190224499754
2876 0.06076646569843562
2877 0.12900664373685883
2878 0.14712622908273063
2879 0.14265796214970194
2880 0.13820221066289376
2881 0.057466393999129846
2882 0.06699462814139723
2883 0.07900275448485669
2884 0.08536290466135736
2885 0.2014221177766743
2886 0.13385405023396724
2887 0.102461842625497
2888 0.07223307675359408
2889 0.12843261476204526
2890 0.12333403940560596
2891 0.11399135847888875
2892 0.10160219016396213
2893 0.10940855963334704
2894 0.039045072898737654
2895 0.03692467563337619
2896 0.04227563928055529
2897 0.0885240460211752
2898 0.09342060145105918
2899 0.08920277228037775
2900 0.0832030705821803
2901 0.04446528369048857
2902 0.0353374482976307
2903 0.038829255719780395
2904 0.037258526054117815
2905 0.1914420133078852
2906 0.17407538802066594
2907 0.1649586836715046
2908 0.14656300723574855
2909 0.1276513936463492
2910 0.060465380517366975
2911 0.049157783501629464
2912 0.05496634894655858
2913 0.22097456320533257
2914 0.23406853639651162
2915 0.22612440868485562
2916 0.20688674435700014
2917 0.26232471035684535
2918 0.25564190958409616
2919 0.24755579112724607
2920 0.2290153238405619
2921 0.21186633644117953
2922 0.21596146423042972
2923 0.21047691638685578
2924 0.2072880508464637
2925 0.1607967846983513
2926 0.10888641441030884
2927 0.08415062054551449
2928 0.061924202087667884
2929 0.19776354818844624
2930 0.1439418537312541
2931 0.1254909276385104
2932 0.08702981256883537
2933 0.06425945594882292
2934 0.046472510901330484
2935 0.04745564517653209
2936 0.059553381212933736
2937 0.0531563162637034
2938 0.056833983634883456
2939 0.061183334042913325
2940 0.06204040041719068
2941 0.09210449623467067
2942 0.10689764085366515
2943 0.10702547650563131
2944 0.10396917380210086
2945 0.08179680812479624
2946 0.08521797123604716
2947 0.08266248626611153
2948 0.07788391595797996
2949 0.09312213075018076
2950 0.10552381975624762
2951 0.10491908020340952
2952 0.10936940757255884
2953 0.07479842275749284
2954 0.09677566580739726
2955 0.10646055536497338
2956 0.12299915245742057
2957 0.08138131350010502
2958 0.08392014634098072
2959 0.08695739946013169
2960 0.09060998320379536
2961 0.12580996752081447
2962 0.09719787910548244
2963 0.0804665554716335
2964 0.062252506743256567
2965 0.06158473895011711
2966 0.0759197917879288
2967 0.06351171481155891
2968 0.06331017058353969
2969 0.06966035820757069
2970 0.07946182373059747
2971 0.07832125358517625
2972 0.08083301719541056
2973 0.0688694294776858
2974 0.0996459884912709
2975 0.11172544512446456
2976 0.1302480300947634
2977 0.15523286790077429
2978 0.1594196343516498
2979 0.1533521964388627
2980 0.1490520381839781
2981 0.1204144954064827
2982 0.1441775896082394
2983 0.13906742590945514
2984 0.14090962497832848
2985 0.09131976285625573
2986 0.09500886294239372
2987 0.08540914794033627
2988 0.08220737617311932
2989 0.0887037742536319
2990 0.0934983007496799
2991 0.09501397743418488
2992 0.09483273340301755
2993 0.15589685054660382
2994 0.2052836795674174
2995 0.215191905711502
2996 0.22086505353993688
2997 0.24766236656222199
2998 0.2400517982905815
2999 0.23639778288367205
3000 0.2242136784955959
3001 0.17635218152555834
3002 0.12198404105254242
3003 0.10811420979212814
3004 0.09583680457559529
3005 0.09939655284109687
3006 0.10583858298307611
3007 0.1011271782972288
3008 0.09365935980199822
3009 0.054127438113194745
3010 0.07531751358151613
3011 0.09031928029378013
3012 0.10215651617231607
3013 0.15834196957743923
3014 0.16842448852134104
3015 0.1663761622226736
3016 0.15939470925167157
3017 0.24928475087515692
3018 0.2585017409405964
3019 0.24302300160973248
3020 0.2227554036586708
3021 0.13572480195771697
3022 0.07542358618338907
3023 0.07444902751216473
3024 0.07496087308317935
3025 0.14260659075532103
3026 0.15829604623331164
3027 0.16928293045339424
3028 0.1796651604403834
3029 0.06684107883843658
3030 0.044153308513805584
3031 0.04209968240897206
3032 0.03996134852912398
3033 0.09675948513956507
3034 0.11056246249090895
3035 0.1044610335589055
3036 0.09252968612185991
3037 0.04824579598768817
3038 0.044059524545325926
3039 0.05298385095946128
3040 0.06004695984368585
3041 0.1103391644476624
3042 0.140565038095014
3043 0.13927091365359628
3044 0.1468429639148753
3045 0.11732369035697689
3046 0.18299570143628438
3047 0.1972112726116342
3048 0.21514436808492826
3049 0.026338581324820462
3050 0.02661322448799818
3051 0.033186443468118686
3052 0.03987658667135473
3053 0.07639479163285592
3054 0.10727760286970497
3055 0.10106552668268526
3056 0.09236252519277283
3057 0.06015803517885746
3058 0.1163737840960459
3059 0.11904950886413226
3060 0.12482330189450307
3061 0.20326758488677957
3062 0.23371910936003085
3063 0.2251581966291235
3064 0.2110454960294755
3065 0.08757424770987686
3066 0.06240222839226068
3067 0.06412917866399385
3068 0.06943742492239144
3069 0.08571540125393726
3070 0.06309498752213882
3071 0.06639093884377614
3072 0.07093729307862384
3073 0.14777236801570065
3074 0.20227407719954055
3075 0.2001931617618283
3076 0.198406121505328
3077 0.2092550158327968
3078 0.24396355619217414
3079 0.23597942834398117
3080 0.22554258290006993
3081 0.20200798031009887
3082 0.18689874322082675
3083 0.16574368156271949
3084 0.15714317351261228
3085 0.06804424236820689
3086 0.06435796429265433
3087 0.06090546152708943
3088 0.061001944273970585
3089 0.04491752298522427
3090 0.07924636043598139
3091 0.08256718585020782
3092 0.08757045868901485
3093 0.05671714166868575
3094 0.049904311003252946
3095 0.04536842339135696
3096 0.044584929220193845
3097 0.0439182658142835
3098 0.1352778482287041
3099 0.15765897845627783
3100 0.17711849927360443
3101 0.05130354275838822
3102 0.058461192201953414
3103 0.06486881100509345
3104 0.06919936067627365
3105 0.15724548194476823
3106 0.11035656036911105
3107 0.09945747279303757
3108 0.07868089333390689
3109 0.0730852550980357
3110 0.07095996274700282
3111 0.06946917222332175
3112 0.06892103286957778
3113 0.061198359062478794
3114 0.09777889227167062
3115 0.11710484771419598
3116 0.12694771046235975
3117 0.12302951016673079
3118 0.11541493265760408
3119 0.11259646268368116
3120 0.1094799231749108
3121 0.05278457417447637
3122 0.09231839616401842
3123 0.1042063201068401
3124 0.11464438985890144
3125 0.060512834867316484
3126 0.06365362843016469
3127 0.06882697564591675
3128 0.07602937363786706
3129 0.08806432846450057
3130 0.11467581086722568
3131 0.11417489352453468
3132 0.11286719858487282
3133 0.13638539018636373
3134 0.16009736970076968
3135 0.1716436198433699
3136 0.18053451303884496
3137 0.12795775214429436
3138 0.04343095292518603
3139 0.03936696301210892
3140 0.03899024013437193
3141 0.04245817474062055
3142 0.039870687805967614
3143 0.045118729216530776
3144 0.05259588973505567
3145 0.040542459344507946
3146 0.05895232141834004
3147 0.05501070523298091
3148 0.04927365463244818
3149 0.058878799259558634
3150 0.06366660594445364
3151 0.06386603867473406
3152 0.0629712069551717
3153 0.0667413673726964
3154 0.03354670102831315
3155 0.025751557291899527
3156 0.03001810553090457
3157 0.036669457111984334
3158 0.15654347236993976
3159 0.17639361130118594
3160 0.19165239361794537
3161 0.13938300286700686
3162 0.09466715192517863
3163 0.09173744363346842
3164 0.08465772318799768
3165 0.17124373685794525
3166 0.19845769899545934
3167 0.20275679675123706
3168 0.2020801857934069
3169 0.207221346953237
3170 0.19426342400725813
3171 0.18642739551332305
3172 0.16863347197379408
3173 0.1735973596352814
3174 0.16279489554327314
3175 0.1456548370670228
3176 0.12397972111597359
3177 0.16590719068226487
3178 0.22687866891676803
3179 0.2355221827417117
3180 0.2373363773711407
3181 0.09827534324455191
3182 0.053858643206428004
3183 0.053878481309981706
3184 0.05056100963736043
3185 0.06445008870728511
3186 0.07275271920739451
3187 0.07438155747305637
3188 0.0726166581411667
3189 0.05729018427274256
3190 0.05856232951169767
3191 0.066871456437393
3192 0.09321869483229998
3193 0.08235373285110735
3194 0.08064909162494603
3195 0.07757443840207678
3196 0.07007004879537627
3197 0.10543414206989764
3198 0.10463476134464984
3199 0.10338910960317377
3200 0.09648319828853648
3201 0.09756332580578456
3202 0.11296548085703341
3203 0.11201150215534142
3204 0.11339966565020541
3205 0.07653227778951242
3206 0.102112706179037
3207 0.10706933485930342
3208 0.1168900160986341
3209 0.0705707285124374
3210 0.09127776057558093
3211 0.10030788101004212
3212 0.11552979414997898
3213 0.10439891167609947
3214 0.06236215997615472
3215 0.06751242158894813
3216 0.06374504635040971
3217 0.22479711832310922
3218 0.20071236991847538
3219 0.176417995401113
3220 0.14496744544188675
3221 0.0581357136853575
3222 0.07437254046905159
3223 0.0935664950747037
3224 0.10293601628226011
3225 0.05088224618346001
3226 0.07539480211912414
3227 0.08301773047486277
3228 0.10238904559832018
3229 0.05557666272543837
3230 0.0439521743532137
3231 0.03926298611985943
3232 0.03844845277629778
3233 0.043549616558513055
3234 0.05041790813128106
3235 0.06956891939824125
3236 0.09578081475388961
3237 0.0832634772061761
3238 0.07893692901957138
3239 0.0708157063929263
3240 0.06629728942178238
3241 0.09815702638772031
3242 0.10265884030204153
3243 0.10259942056757082
3244 0.0959632064007502
3245 0.07557585666986659
3246 0.06415644157926367
3247 0.058047918426562796
3248 0.05755825053984508
3249 0.1518565751542618
3250 0.20983954716771394
3251 0.2179215183972213
3252 0.22220408513787868
3253 0.14921907168271026
3254 0.13463571467601979
3255 0.13099026541128964
3256 0.12752008377170232
3257 0.07558907075803724
3258 0.05644420259825785
3259 0.04333428794457441
3260 0.03477311122593266
3261 0.08609355770020449
3262 0.10946662448256182
3263 0.11241050203290907
3264 0.11622187250351709
3265 0.08052935641431765
3266 0.08668076446294133
3267 0.08437124160108343
3268 0.08045190625971635
3269 0.054742463940984004
3270 0.04046434872869479
3271 0.03856131219397527
3272 0.037697357593763546
3273 0.04039326695708471
3274 0.0472681604668018
3275 0.042233893265915964
3276 0.037359291814413574
3277 0.10045272270707377
3278 0.17340127334462094
3279 0.17933844097820736
3280 0.1831792356832448
3281 0.2031686499660074
3282 0.21824786614168445
3283 0.22002181328013787
3284 0.22223943636661436
3285 0.1231586274746509
3286 0.10599348631766346
3287 0.10436085895254167
3288 0.10216892536788943
3289 0.05057131527559845
3290 0.028786879911340314
3291 0.03397212376196954
3292 0.04028051268925997
3293 0.0764315253360214
3294 0.06580995417233326
3295 0.0662970098194237
3296 0.06671749202236477
3297 0.057470213241790746
3298 0.07380464626224742
3299 0.08460989826964829
3300 0.09827052382889995
3301 0.08664303728381151
3302 0.0765334659022701
3303 0.0749280639223183
3304 0.07110088442951144
3305 0.1250937302914788
3306 0.1781944648293497
3307 0.19073661969993116
3308 0.19918686528791552
3309 0.22794817917196927
3310 0.21736617742999773
3311 0.2194814922821081
3312 0.2182339380936168
3313 0.2341850804975556
3314 0.21712306316860752
3315 0.21041211562577233
3316 0.20082312849277104
3317 0.11366230320069025
3318 0.06816845581703117
3319 0.055368729440278826
3320 0.042641502122883645
3321 0.04008833400559051
3322 0.0429163953728699
3323 0.04417591882387527
3324 0.0454494665421612
3325 0.0623886283648261
3326 0.06086063818665249
3327 0.0580574317841951
3328 0.05118485202003055
3329 0.12084400006820221
3330 0.12258377559079826
3331 0.12001614945208126
3332 0.11281918193301393
3333 0.13190018246479676
3334 0.1093505888272931
3335 0.09951364714705062
3336 0.09726717736752995
3337 0.10297702498259687
3338 0.0946858874654759
3339 0.092447893592959
3340 0.09579322916269553
3341 0.09034714412848564
3342 0.08650967394469224
3343 0.08376931786006453
3344 0.08031580719172247
3345 0.08371348172806131
3346 0.08534507730541763
3347 0.0830716577186916
3348 0.07878382665534696
3349 0.1329354445578203
3350 0.10907678731875335
3351 0.08940881842416208
3352 0.0730519529013428
3353 0.07777043347133729
3354 0.06942350003702884
3355 0.061604694254051115
3356 0.05328729110667049
3357 0.056307697911834556
3358 0.055549134668105
3359 0.06518524719382171
3360 0.07455642663486332
3361 0.054696183566028615
3362 0.04870480572440942
3363 0.04808493981762748
3364 0.04830141168095079
3365 0.15794609178407573
3366 0.17238686944375195
3367 0.1570955097132976
3368 0.1372181332476323
3369 0.0880089022034563
3370 0.05941559583013576
3371 0.05096037768107552
3372 0.05558878342987892
3373 0.09789440140792045
3374 0.14490561203505317
3375 0.1596640058559999
3376 0.1720311964946054
3377 0.18543195833349174
3378 0.17574656121546797
3379 0.17137339887841824
3380 0.1685010175818118
3381 0.16260965779609104
3382 0.12137236035721934
3383 0.1136662015680191
3384 0.10646610943315209
3385 0.11432638213154728
3386 0.061806603177399964
3387 0.05430515037292295
3388 0.04490786740664637
3389 0.07871898495162818
3390 0.1197338484675583
3391 0.13078966439331516
3392 0.13854573370798595
3393 0.15284288651015532
3394 0.1563332988369022
3395 0.1552467749403709
3396 0.1501818594745146
3397 0.15193350733437724
3398 0.1581128550939618
3399 0.15769232727660587
3400 0.15667125060595627
3401 0.10253147641048103
3402 0.05045090940908444
3403 0.04623078875480613
3404 0.04328618230945973
3405 0.06414775219781516
3406 0.05743813260471435
3407 0.056408855617844075
3408 0.054337543685553116
3409 0.08492117000458829
3410 0.09979024455101404
3411 0.09865508639812028
3412 0.09731211781091355
3413 0.10900564059223647
3414 0.12258884119328231
3415 0.1222720699713066
3416 0.12621237129630666
3417 0.1362725405470768
3418 0.13359103400145073
3419 0.12606039873423364
3420 0.1155372320091642
3421 0.09391041457325923
3422 0.09234965038137603
3423 0.08789397809707308
3424 0.08501294098104267
3425 0.06700710483233428
3426 0.11198672185776305
3427 0.10478276763549654
3428 0.11175244579591725
3429 0.06668258497619337
3430 0.06588641003762587
3431 0.058644831448461845
3432 0.05120233965233123
3433 0.07502728056271354
3434 0.12249751864120759
3435 0.14831386532603294
3436 0.16522337279033103
3437 0.09313736114728084
3438 0.07992566596032996
3439 0.07217521154878055
3440 0.0789804448531411
3441 0.09192615380538051
3442 0.07100929830302924
3443 0.06244106987956689
3444 0.05595278369042621
3445 0.1290038412011642
3446 0.1819270285800899
3447 0.1781027731123712
3448 0.1750167863692236
3449 0.11428524535144254
3450 0.05523397302853813
3451 0.06167638567212381
3452 0.08903219139813319
3453 0.1214343979949593
3454 0.12746115244804343
3455 0.1268040271446637
3456 0.11727649886538118
3457 0.12933006397420593
3458 0.0749784042386682
3459 0.05423840567840594
3460 0.04161786054955203
3461 0.10352892499071656
3462 0.09122729276919994
3463 0.09200853145452513
3464 0.0910063536542371
3465 0.09848829742053687
3466 0.16577599451063418
3467 0.16532693983490576
3468 0.15307952541127728
3469 0.1132831476175401
3470 0.09850740479505068
3471 0.10168354192750763
3472 0.09729914157057824
3473 0.23714626321279175
3474 0.2801603056119499
3475 0.2882640814655456
3476 0.287080985225032
3477 0.3199436443994817
3478 0.25327294210267876
3479 0.22805728039143225
3480 0.18668301999919681
3481 0.13304198984823262
3482 0.14328112110392818
3483 0.14092119556947844
3484 0.1261737587093139
3485 0.24629017875896544
3486 0.17007331636794618
3487 0.13882980664229722
3488 0.08505382217896842
3489 0.19120628034791895
3490 0.17309553068737857
3491 0.15411960299939667
3492 0.12761015137189688
3493 0.19447512066371012
3494 0.1661934231319138
3495 0.14952321478766678
3496 0.12252893772519809
3497 0.09555421041125521
3498 0.10152352681544698
3499 0.10562825579790858
3500 0.10764462652766392
3501 0.13097353966709926
3502 0.10227191753600749
3503 0.0858867089488793
3504 0.05721202575716883
3505 0.06654393907045036
3506 0.05912920419071109
3507 0.07557106662466835
3508 0.09689180373725655
3509 0.08499357342488231
3510 0.08134197565696971
3511 0.07697795053120628
3512 0.07673649169726034
3513 0.1457885264975392
3514 0.14867360534055732
3515 0.14656511421518026
3516 0.15070696473650264
3517 0.050673308412778804
3518 0.0538189692205984
3519 0.054656779926712556
3520 0.056287970474537756
3521 0.13726765331769467
3522 0.16003116425829464
3523 0.16116532236879968
3524 0.16476318704852105
3525 0.044634957468083505
3526 0.053527710232903106
3527 0.05553583790479852
3528 0.0619184794543992
3529 0.11694805705117021
3530 0.1718172812871058
3531 0.18287324655119724
3532 0.2030041835886191
3533 0.16401766998356798
3534 0.16481771525528882
3535 0.15769305383474058
3536 0.15680660663097234
3537 0.16503099696729948
3538 0.21891419072279059
3539 0.21894831069839274
3540 0.22565685897319288
3541 0.0920418802167106
3542 0.08519880888750635
3543 0.08249265820355269
3544 0.08006892346319733
3545 0.10641384760770194
3546 0.19873043580378325
3547 0.22071976818153974
3548 0.24320332478873086
3549 0.24519053746147673
3550 0.24023629910014238
3551 0.234741530053574
3552 0.22663656282611347
3553 0.2345301153314246
3554 0.30108095793962253
3555 0.3118928323229555
3556 0.32083917045667093
3557 0.16434594627605054
3558 0.14640750803562425
3559 0.13607687620516015
3560 0.1338665377355629
3561 0.08276897377221872
3562 0.11477661744205565
3563 0.1472815254576891
3564 0.17425117605059762
3565 0.23113632743834017
3566 0.2509921517729078
3567 0.24954629972480452
3568 0.24106707385036044
3569 0.2148505702700827
3570 0.2631160734146592
3571 0.2707330972351078
3572 0.2741067308496238
3573 0.19561120916464184
3574 0.16634857450725168
3575 0.16075089696115297
3576 0.15990914708991766
3577 0.11441032642953047
3578 0.10010285882628636
3579 0.11748457767909795
3580 0.12242593562449265
3581 0.23607179790297983
3582 0.19257193709379544
3583 0.15377791831551751
3584 0.10802446287555206
3585 0.06840003486953963
3586 0.08376428580447401
3587 0.08307093984477447
3588 0.08145556004287129
3589 0.08785196182809378
3590 0.09015176668942435
3591 0.09553704888304854
3592 0.09801811589835642
3593 0.07472019941946102
3594 0.06649685872385604
3595 0.05494705902487541
3596 0.04209632784447605
3597 0.14711802550744826
3598 0.07768640277335405
3599 0.05934292649328658
3600 0.05635836672451463
3601 0.08705007356483382
3602 0.11128090721169151
3603 0.12176326152863728
3604 0.13976437956521964
3605 0.04851359535471723
3606 0.0968282131673696
3607 0.11896691180677962
3608 0.14235331109833185
3609 0.09610058978109061
3610 0.09796706398297482
3611 0.0897752261542701
3612 0.07868046213970127
3613 0.08649391510921835
3614 0.05042431073203502
3615 0.056403945009185025
3616 0.06606921317694399
3617 0.11453873177217075
3618 0.1900706071866683
3619 0.1978975278262354
3620 0.2040270621827224
3621 0.0989579869706855
3622 0.10092797495597182
3623 0.0957541440020433
3624 0.1021435550910732
3625 0.05677407668248161
3626 0.07769989163849339
3627 0.08854528488983818
3628 0.10219495030169463
3629 0.09605901561629289
3630 0.12156765773142589
3631 0.1381280011816187
3632 0.15894326094833994
3633 0.22969288420667708
3634 0.2802785958181748
3635 0.2811520651742988
3636 0.2785972970087984
3637 0.18510087640405398
3638 0.1679045609052291
3639 0.1650946393548682
3640 0.1659129781822074
3641 0.1275877501298434
3642 0.12791511709490794
3643 0.1252035097277381
3644 0.12355285558224517
3645 0.12397605558203864
3646 0.22658447250102104
3647 0.23548086876958707
3648 0.24939390874989634
3649 0.1729071665213204
3650 0.1311354769378077
3651 0.12203305380803649
3652 0.11458668359980131
3653 0.07876104714980298
3654 0.11703189181867953
3655 0.12290432535220833
3656 0.1288201759092554
3657 0.073246211321309
3658 0.08150575429616196
3659 0.08796811025315728
3660 0.08710733897266691
3661 0.048245410869249376
3662 0.13689059023809222
3663 0.13811269904392065
3664 0.1508778761115236
3665 0.05852471051650239
3666 0.10591522183330536
3667 0.10875152584327247
3668 0.11132380844752701
3669 0.10817264713479581
3670 0.11399156437932438
3671 0.11836504591472277
3672 0.12175567453272189
3673 0.12171436005700971
3674 0.14371437866758732
3675 0.14121004831849424
3676 0.138415381242253
3677 0.08873299836291162
3678 0.06628615138160691
3679 0.06343121601213096
3680 0.06362042914029628
3681 0.051199462642322856
3682 0.08703183586039596
3683 0.08731862901711665
3684 0.08911768853307145
3685 0.050940533771045245
3686 0.1308706885713531
3687 0.15516901885270984
3688 0.17469811033265834
3689 0.19070408160877578
3690 0.16674483941038007
3691 0.1489758225317701
3692 0.12615365611957163
3693 0.0924089980967911
3694 0.11911189337782432
3695 0.12757371003705506
3696 0.1298594718172506
3697 0.1397302316175561
3698 0.07006550288827343
3699 0.057127795553102004
3700 0.0578955529267481
3701 0.03621427814930187
3702 0.06431371534628531
3703 0.07730832168895203
3704 0.08761045387473039
3705 0.08364082866239628
3706 0.07443334014783218
3707 0.07040986150501624
3708 0.06677239771858995
3709 0.09273232933278562
3710 0.07136988944514332
3711 0.072057285274318
3712 0.07502016007367165
3713 0.03733017836385103
3714 0.05320086443244144
3715 0.07385381479322846
3716 0.09868550462494764
3717 0.09725245625963162
3718 0.0795528454031601
3719 0.06630283433878165
3720 0.05544300896724598
3721 0.12529664604391455
3722 0.18091518718035024
3723 0.19975372471843525
3724 0.21355894359081345
3725 0.28001290733001166
3726 0.2479652001150357
3727 0.2319780820415069
3728 0.20724916045532446
3729 0.12029804468176032
3730 0.15748528104478543
3731 0.1687586899974994
3732 0.17003354733533146
3733 0.21284626498318074
3734 0.1829717009967003
3735 0.15859165174554568
3736 0.13283938507809048
3737 0.1593900980888217
3738 0.2169427108233864
3739 0.23589190217371406
3740 0.24051429253329315
3741 0.2432647931352563
3742 0.17529046281473099
3743 0.15576832488305117
3744 0.12647754694061855
3745 0.07251059824658405
3746 0.0635669811439308
3747 0.05425112706847266
3748 0.04393663384604324
3749 0.11570750109767457
3750 0.07631335882423763
3751 0.0784416545864174
3752 0.07807555967172049
3753 0.09928721669745308
3754 0.10507674635524687
3755 0.10492771231662192
3756 0.11704670937010868
3757 0.08832427613841295
3758 0.07328758964053715
3759 0.07975349115986202
3760 0.08311576875973521
3761 0.14980982802308235
3762 0.16592940515253257
3763 0.1708481604374469
3764 0.17547497804086898
3765 0.07936943376895272
3766 0.06602924701065653
3767 0.06727131579576909
3768 0.0844941241881088
3769 0.13057050579535706
3770 0.08970779693889806
3771 0.07648991754197751
3772 0.06644293423191455
3773 0.13951408133985813
3774 0.1373921080988423
3775 0.13817573939841182
3776 0.1292292291271133
3777 0.12553733953127816
3778 0.09860012661642872
3779 0.0858420011437221
3780 0.07930737880356062
3781 0.04975797770834182
3782 0.07068613047254334
3783 0.07848315929676816
3784 0.08596599100289816
3785 0.03903456880640667
3786 0.03865039694238026
3787 0.03833504585026544
3788 0.03881218426257025
3789 0.11377221089403194
3790 0.0698322848850882
3791 0.07148217119517196
3792 0.06929720453389887
3793 0.07572165571217157
3794 0.10287416629421932
3795 0.10288699385927841
3796 0.10339320029304314
3797 0.11680132589128439
3798 0.12183217068633487
3799 0.12432935429706361
3800 0.1404263030804827
3801 0.06662502169790027
3802 0.09031806018447303
3803 0.11425135158046594
3804 0.13635005578962314
3805 0.08361157954981999
3806 0.15317717993718383
3807 0.16633915451649242
3808 0.17779960263423597
3809 0.19160270060449003
3810 0.17732239483308163
3811 0.1755607270581997
3812 0.1616325004820174
3813 0.04684924048472586
3814 0.11389828904961602
3815 0.14717164658035164
3816 0.1662712512706633
3817 0.08720346067345365
3818 0.08844842142186406
3819 0.09608394014610781
3820 0.09879673314426331
3821 0.09561984467589153
3822 0.10043394149384172
3823 0.09840395010693537
3824 0.09438262478158692
3825 0.07781129155257006
3826 0.045931562376848104
3827 0.042855245274072876
3828 0.04094156315200667
3829 0.0425195428082861
3830 0.1053459579244396
3831 0.1298203223280898
3832 0.1414666607970869
3833 0.1218280321276309
3834 0.07741097890411432
3835 0.07507195017042617
3836 0.07353294093833967
3837 0.1426625976844231
3838 0.18041156203899358
3839 0.18365595972902396
3840 0.18429000687314706
3841 0.12597481859639598
3842 0.14328116138559094
3843 0.14652613667504424
3844 0.15416961993635045
3845 0.10949284372921808
3846 0.11654818419016759
3847 0.11814345162665031
3848 0.11316127875770872
3849 0.10488829166344853
3850 0.09353718406925664
3851 0.09384389811664558
3852 0.09488382338049384
3853 0.07713756579357027
3854 0.12812977610996473
3855 0.14000954026249646
3856 0.14723730416597025
3857 0.08459210135398293
3858 0.07552650198765792
3859 0.07761126583650893
3860 0.08012446983144648
3861 0.06719749000604666
3862 0.07214160501960966
3863 0.07997471261579972
3864 0.09026032024518849
3865 0.210751061625081
3866 0.24328185575613917
3867 0.25585800540972964
3868 0.2627504239766261
3869 0.20280477613229203
3870 0.1620004344612061
3871 0.14671862384724044
3872 0.13177466011894048
3873 0.1140212253301647
3874 0.08891665592781599
3875 0.07915265487133087
3876 0.08036823226045413
3877 0.13754383471354686
3878 0.13249788494212084
3879 0.13324476857597334
3880 0.1332308102747594
3881 0.21108421695973026
3882 0.20354600703360884
3883 0.20123080089197265
3884 0.1895429786341217
3885 0.16329895402043026
3886 0.13306935734137654
3887 0.11733961585811789
3888 0.09897838295362024
3889 0.1115220119674054
3890 0.10226673140847274
3891 0.09919528964922021
3892 0.08998963961487523
3893 0.11812781703974685
3894 0.04797386112787402
3895 0.03968777347224151
3896 0.03022217200678084
3897 0.0726586440020798
3898 0.07269904688742748
3899 0.07084113444302155
3900 0.06677732035081345
3901 0.1075205517297233
3902 0.11081089709669513
3903 0.1093244436816508
3904 0.10499913244170471
3905 0.14401445333875093
3906 0.13169826185394407
3907 0.12115709722451927
3908 0.10813205012259175
3909 0.1155638892667201
3910 0.10244467398333916
3911 0.09388225818765437
3912 0.08537339292504964
3913 0.09132894111076705
3914 0.07172045935877419
3915 0.06372688578453482
3916 0.05448829631416778
3917 0.07056331496713353
3918 0.07780046862291475
3919 0.07312558069471363
3920 0.0656067522382942
3921 0.11355397048044186
3922 0.09542990118815577
3923 0.07901391014720116
3924 0.05998702694591355
3925 0.1020449962694315
3926 0.06758918224308041
3927 0.04725106490274288
3928 0.03696274572687398
3929 0.043372690123051484
3930 0.06500993247341069
3931 0.07742610439380557
3932 0.09004369688017609
3933 0.10952746350546393
3934 0.10580995121365167
3935 0.109264415457182
3936 0.11062229061522652
3937 0.12985628885092484
3938 0.11533759892471102
3939 0.11312965464150043
3940 0.10945649842207242
3941 0.12679378640249248
3942 0.10462854494328164
3943 0.09636896542058211
3944 0.09092328554700276
3945 0.1549846868548488
3946 0.19020330740225247
3947 0.1993247217616083
3948 0.2084686900389873
3949 0.18668550870172634
3950 0.13260324287699415
3951 0.1257413166022229
3952 0.11531735307563994
3953 0.1753717740250621
3954 0.21732315634145788
3955 0.22998588853974034
3956 0.23878149756397823
3957 0.21926843489870695
3958 0.14955804249962545
3959 0.11695262060343818
3960 0.0853773452567991
3961 0.10303291563354003
3962 0.1674498964864091
3963 0.18406200653075386
3964 0.19657646727391787
3965 0.1518946830416524
3966 0.09955986409340165
3967 0.09666636850957268
3968 0.09302402060411058
3969 0.1007327159880004
3970 0.16399597581136288
3971 0.1835826226808732
3972 0.19960767174309338
3973 0.15718055153695795
3974 0.16563526953451208
3975 0.16321182998043834
3976 0.15983887940172717
3977 0.14133522431419837
3978 0.11533643193688581
3979 0.14658962502391867
3980 0.17711194922865184
3981 0.12021415532869537
3982 0.09828856640334603
3983 0.09527566982819811
3984 0.09177175352878703
3985 0.08513929353802202
3986 0.12380692088252715
3987 0.1356631005241493
3988 0.14771300588476793
3989 0.1320347426852074
3990 0.13043096265442267
3991 0.12863244473023897
3992 0.12496531692231003
3993 0.13061157973137696
3994 0.0930631349239427
3995 0.07468282191130073
3996 0.10083821099647605
3997 0.07802814352256476
3998 0.09967609498717765
3999 0.1002409920727899
4000 0.1172331442765333
4001 0.05363701107714867
4002 0.0744413326889528
4003 0.07533821728537074
4004 0.07507779320372163
4005 0.07108442794351885
4006 0.050183352648739195
4007 0.05017128877227305
4008 0.06224712190097133
4009 0.10151521668296239
4010 0.0808162627470406
4011 0.06843592952480121
4012 0.053338345491450445
4013 0.10640240763195057
4014 0.08398383801321412
4015 0.08535925462568109
4016 0.08663054647971327
4017 0.12371457875401867
4018 0.11406890304335614
4019 0.1139183469203297
4020 0.11213820566572616
4021 0.059927098764614856
4022 0.059066374060390295
4023 0.0714900589220616
4024 0.06389276955746781
4025 0.11083585904038304
4026 0.14901038224590327
4027 0.14734132466462546
4028 0.14312957854853905
4029 0.15082576119278243
4030 0.18042724407035904
4031 0.18366946286334
4032 0.18576937226762685
4033 0.33562757978346036
4034 0.29388329148378917
4035 0.2744441795132392
4036 0.24046290180555754
4037 0.22458705278296845
4038 0.13801414887407867
4039 0.10312460791413187
4040 0.08465933513461388
4041 0.23303235325374666
4042 0.23702401124822814
4043 0.2276576616883477
4044 0.1982964841754663
4045 0.24516561179312185
4046 0.20286744557573613
4047 0.16957428942012742
4048 0.12974614478534985
4049 0.2942054256037223
4050 0.2945768713517453
4051 0.2850977831303006
4052 0.26413590298779455
4053 0.18218219816681697
4054 0.1259552645889075
4055 0.10142427802529613
4056 0.09046060226845506
4057 0.12714914011113573
4058 0.0935151797189973
4059 0.08812806700682368
4060 0.07290682455949189
4061 0.12521586425278178
4062 0.08176120030445272
4063 0.057885368108815866
4064 0.042902321369421736
4065 0.08521019634935242
4066 0.07837348633603916
4067 0.07799001782491695
4068 0.08323318058828334
4069 0.1137733594202418
4070 0.12448423865578041
4071 0.11876483376512631
4072 0.10867598132067154
4073 0.10585851564487808
4074 0.09550295955696254
4075 0.09039569328941109
4076 0.09453440675582618
4077 0.06172021454534231
4078 0.045871013933985336
4079 0.04799128368540292
4080 0.061058572289551936
4081 0.15653149879641304
4082 0.20487490838873926
4083 0.21870676035780978
4084 0.2378332487912047
4085 0.14529868201280438
4086 0.090720414282903
4087 0.07896563827513647
4088 0.08299880247192852
4089 0.08354013824599932
4090 0.10804735265864654
4091 0.1364860229938879
4092 0.17201961454905648
4093 0.1582849076529989
4094 0.21835967892712252
4095 0.23606367697694677
4096 0.25752270440349373
4097 0.32030824414609954
4098 0.36269486968917847
4099 0.3714326713889658
4100 0.38086868441390576
4101 0.31729655951931157
4102 0.265091411125289
4103 0.23633026961695827
4104 0.21326664548804075
4105 0.1821353769094615
4106 0.22881978717041598
4107 0.24693027242576676
4108 0.2586930651783137
4109 0.34172430597897924
4110 0.39648568694260117
4111 0.4103869597533665
4112 0.41875076963535
4113 0.4181775924000508
4114 0.40495522318526955
4115 0.3881841531247851
4116 0.36558035670984745
4117 0.294074251551592
4118 0.25071342327122426
4119 0.223184750967728
4120 0.19414858336810145
4121 0.12705106241931172
4122 0.12862283003095265
4123 0.12094510422196322
4124 0.11572582634094457
4125 0.21129149633689487
4126 0.30016421617058875
4127 0.33044877134865447
4128 0.3459811348690265
4129 0.3262238458394169
4130 0.2873593895882123
4131 0.25238274335130473
4132 0.2047832354889396
4133 0.14809759158091465
4134 0.1428638215566847
4135 0.13482346568518327
4136 0.12927651708295623
4137 0.15206461051568756
4138 0.15030121321334536
4139 0.14389079645592762
4140 0.13760342179249987
4141 0.08834645669073302
4142 0.06845295711268891
4143 0.08052303718925896
4144 0.09108199689667877
4145 0.08294062181256097
4146 0.08335596898642357
4147 0.0887553035805382
4148 0.09194670336541248
4149 0.14083014308638095
4150 0.144318468782725
4151 0.14262855612547956
4152 0.1377720256977814
4153 0.12387932669024528
4154 0.11386741306232365
4155 0.10523859514292905
4156 0.09497567291940799
4157 0.0940537345313158
4158 0.11509644469590123
4159 0.127343542830025
4160 0.14613589665690208
4161 0.10727226090056712
4162 0.08990121650948507
4163 0.0892109150148592
4164 0.09371544447703813
4165 0.09068540783192705
4166 0.08555656576810541
4167 0.08117252054546409
4168 0.0815279885337262
4169 0.09475293435930802
4170 0.09170028443452836
4171 0.09320591820585693
4172 0.10143170084948976
4173 0.14104201688865234
4174 0.21056302715050604
4175 0.23408571335249362
4176 0.2614504905318881
4177 0.23507771221517493
4178 0.22029127544190819
4179 0.20499635622368115
4180 0.20193103837241375
4181 0.12978603225984972
4182 0.13930785921752134
4183 0.1534716400801521
4184 0.16778752697806815
4185 0.16195349176998855
4186 0.17799522311399488
4187 0.20590935429574558
4188 0.2482635012656684
4189 0.27914828144683584
4190 0.3626683992622589
4191 0.3789372181277174
4192 0.3976262623089205
4193 0.3820074011771032
4194 0.37757941969605485
4195 0.3658790999538158
4196 0.35557800828125913
4197 0.2251350644326359
4198 0.20499598184733006
4199 0.1952120472327946
4200 0.19260655764549545
4201 0.20953858390432992
4202 0.315274289493314
4203 0.33599198911459555
4204 0.35588981255341817
4205 0.34854762793103133
4206 0.407873356991563
4207 0.41278358927122977
4208 0.41923255148586513
4209 0.40187997829901734
4210 0.3811183832937657
4211 0.3661604121667973
4212 0.3455105896701881
4213 0.3115665765361464
4214 0.30023298594783476
4215 0.28841921260868375
4216 0.27618578454610493
4217 0.25361047406692716
4218 0.2783491375824247
4219 0.27273834267424
4220 0.2601767120636122
4221 0.24107031207651142
4222 0.24807008113235618
4223 0.24023973109570285
4224 0.22640210529393814
4225 0.23798765439897743
4226 0.1799800507787205
4227 0.1590089283154365
4228 0.12778004990639977
4229 0.18179915543461395
4230 0.1292288767773067
4231 0.12136738805932329
4232 0.11660384364883826
4233 0.08773090781521811
4234 0.08074402250671402
4235 0.07863445516292704
4236 0.09527087721071688
4237 0.12787371294461136
4238 0.15024941517098486
4239 0.1607852578444469
4240 0.17626893052130327
4241 0.14154758991502803
4242 0.18948315885828027
4243 0.2030413079840179
4244 0.22456177467769217
4245 0.1171113866132888
4246 0.1456502366111117
4247 0.16134594759241314
4248 0.18222395156894633
4249 0.20827988312442366
4250 0.2354492076161908
4251 0.24589274979468345
4252 0.2569775141918878
4253 0.27717386648608394
4254 0.28798517045296423
4255 0.2899256591086792
4256 0.2941315690736214
4257 0.27809357225586273
4258 0.3036247443883815
4259 0.3056888248430123
4260 0.31204544363124903
4261 0.1973533587055266
4262 0.15315688918157305
4263 0.13647308277139067
4264 0.12473008560467637
4265 0.08500194289198997
4266 0.0834416673673705
4267 0.08250387301311818
4268 0.08342528948942074
4269 0.1325215228563174
4270 0.11914923882031014
4271 0.11061773863378947
4272 0.10238329063076712
4273 0.14210856278836015
4274 0.1570085534999975
4275 0.14896438715644184
4276 0.14649872407937187
4277 0.1557080567226001
4278 0.15622021759155613
4279 0.15131581949366044
4280 0.1520490601986607
4281 0.16470817499837834
4282 0.1614083070341069
4283 0.1557510535027938
4284 0.15090439246343307
4285 0.13776251072616744
4286 0.12562136796211437
4287 0.11979483022045263
4288 0.11432320634408732
4289 0.15254556259531374
4290 0.1440631727473564
4291 0.13667338360218556
4292 0.12849085926655518
4293 0.1790849940717069
4294 0.159696947842309
4295 0.1454300181179665
4296 0.13643744791148069
4297 0.16416771710627662
4298 0.14615212937536978
4299 0.1397110720479865
4300 0.13293761795118542
