x y
800 0.03258206156485673
801 0.029635834334406405
802 0.034317672062191516
803 0.035664229749623834
804 0.02906019258432875
805 0.032749650026711395
806 0.0272556195424245
807 0.03430366750014556
808 0.022993083569221657
809 0.02558316103320685
810 0.03759531978838907
811 0.024880120736293452
812 0.029569547059864816
813 0.5299627395040007
814 0.551182194481102
815 0.5376341213383488
816 0.44699588255518546
817 0.6774421503422506
818 0.6334124314197174
819 0.5977558113094951
820 0.5051231683553186
821 0.44799782047099734
822 0.49263495309487976
823 0.40018797383923055
824 0.26692347136858274
825 0.09366210254873215
826 0.10630818634169342
827 0.03461234598508539
828 0.04080170012887965
829 0.027238725844671446
830 0.06667433265677022
831 0.10388715138436608
832 0.11329612822471558
833 0.06875604052196231
834 0.11673249172437203
835 0.13808480000240275
836 0.15419691433730212
837 0.10524919753184477
838 0.14350883877957712
839 0.13155131968459552
840 0.1137060685630922
841 0.0855279106304591
842 0.060277798682041604
843 0.04034245446358681
844 0.050834488007408724
845 0.35894305053499265
846 0.27364306885488715
847 0.18104042109878754
848 0.08981178911763923
849 0.399148172502469
850 0.399695287170142
851 0.28952446484601474
852 0.18643841313872292
853 0.12823657553604367
854 0.07861387068860284
855 0.06897110904325557
856 0.055096356337412736
857 0.10006862554334661
858 0.17707318193299812
859 0.13307516224312865
860 0.11713129884581193
861 0.1014124775203683
862 0.12877754969032917
863 0.11076575832047249
864 0.08154007591007828
865 0.2774606507173092
866 0.2830151886630756
867 0.24240164362049224
868 0.1742384167070343
869 0.5264127219651725
870 0.6006496616176563
871 0.5279224944228775
872 0.46041319898073907
873 0.2836178579973593
874 0.24636782986043523
875 0.20598151976280019
876 0.12787346966674418
877 0.749223866942838
878 0.8035877759035399
879 0.7298930508753257
880 0.5391975736650624
881 0.48286543678461813
882 0.5076892131663198
883 0.3425289108885579
884 0.14301082886049754
885 0.682792139990552
886 0.7055895767313847
887 0.6378849313575785
888 0.4924214207215935
889 0.29737781095320864
890 0.2632345612301779
891 0.21565895674770624
892 0.12419479514126205
893 0.7431246979338029
894 0.7429747003296853
895 0.6965175790698339
896 0.5666138590368068
897 0.501475418624077
898 0.482211058373151
899 0.41235336604353323
900 0.32351039550106603
901 0.3349193587595314
902 0.30204094823561056
903 0.24965359886862232
904 0.15446508044102494
905 0.2633846912031118
906 0.19646799852838892
907 0.12442558892835545
908 0.12141893898320431
909 0.5200926192587703
910 0.4511959313188752
911 0.33958240245300375
912 0.17088461519495557
913 0.21750724223508566
914 0.2246584300293238
915 0.21920172917933195
916 0.21228770828604993
917 0.22665408963110215
918 0.2215840113243647
919 0.20802912062657508
920 0.17926072348790675
921 0.21847195864906768
922 0.20622216001504623
923 0.20375434893464028
924 0.17518020617019656
925 0.27999320201724903
926 0.28739884177187147
927 0.26559248538980373
928 0.2823106204902958
929 0.21342327319032645
930 0.2791104015579126
931 0.31223423244281573
932 0.28630020401412276
933 0.48352606593942193
934 0.5777642067568252
935 0.511770274016207
936 0.41801996846221273
937 0.15028898741000765
938 0.17169182300530822
939 0.1987166409713098
940 0.2700310330601423
941 0.11892563567055825
942 0.13319559278380452
943 0.12854860747427335
944 0.14487315919298005
945 0.15585796076609876
946 0.1697311352933712
947 0.18925482401704802
948 0.2384871636859512
949 0.18678914762535476
950 0.23430660047144086
951 0.2715983532335653
952 0.271332699247197
953 0.17951768262015902
954 0.2994982623747271
955 0.313251505682477
956 0.3472371910796883
957 0.19676657559707963
958 0.31641183204317785
959 0.3238658071012162
960 0.32883709625071533
961 0.21263538980919067
962 0.33873397148026435
963 0.34822820148375955
964 0.3376845512452286
965 0.09992147701492265
966 0.17671880021572525
967 0.24039487603211046
968 0.3021458020487572
969 0.08180679146961334
970 0.1815855348422896
971 0.27324656039931733
972 0.26434338609164354
973 0.2730398874522652
974 0.2522595650922933
975 0.25305388120746186
976 0.2230654782706541
977 0.15149545681417745
978 0.2796838275444701
979 0.2809183864182523
980 0.2957197457271141
981 0.2897710229596689
982 0.2940461710044304
983 0.2715576208447373
984 0.22961935002756065
985 0.2777569676293103
986 0.24360028179748425
987 0.24600551480231586
988 0.20146218128140295
989 0.13961043836431838
990 0.2753698648085218
991 0.30956964653217484
992 0.2902660281250457
993 0.1612333698475427
994 0.2668645299226615
995 0.2965697423439262
996 0.3047289250064455
997 0.19402380044065473
998 0.2763743594556136
999 0.2754574321651402
1000 0.22505601689948196
1001 0.16010825051046312
1002 0.14876442059519757
1003 0.13562796818167275
1004 0.10333248718578948
1005 0.23810208627695914
1006 0.20908507858115696
1007 0.1942625284063297
1008 0.1746749970274624
1009 0.17806324889806546
1010 0.19025587646254266
1011 0.18153295071541528
1012 0.20952343514720356
1013 0.16888024237144314
1014 0.1667910477034128
1015 0.16123788530068597
1016 0.18784429685900747
1017 0.2636764161845646
1018 0.3154265029481722
1019 0.27792106930670835
1020 0.2887897717261067
1021 0.11317074169659339
1022 0.20375485340941046
1023 0.22616116953410556
1024 0.26777264835685527
1025 0.10198793452992713
1026 0.1640816650288466
1027 0.2050865243876339
1028 0.2465769197633081
1029 0.1129587634480043
1030 0.19947612345073526
1031 0.2234592198348657
1032 0.24207278101185026
1033 0.19885478316998043
1034 0.24506121655491053
1035 0.24720809322481105
1036 0.24204472267954466
1037 0.14814345882166471
1038 0.2124307484887122
1039 0.23720186824896014
1040 0.21407033812682147
1041 0.5702758247191152
1042 0.44437059084262126
1043 0.5748728643481856
1044 0.44378296497031394
1045 0.7410557141491578
1046 0.736385615678012
1047 0.7318452409597344
1048 0.7207050160070319
1049 0.7363259399464079
1050 0.7358415745081991
1051 0.7342741103482195
1052 0.7312241245372088
1053 0.7413087567366071
1054 0.7403529907121285
1055 0.7394060084067974
1056 0.7341802847924678
1057 0.7405455641200135
1058 0.7349841199218353
1059 0.7313330794888396
1060 0.7110764822699992
1061 0.7167807170355516
1062 0.6367041811014427
1063 0.5538963742606098
1064 0.2927752015593527
1065 0.5491978173741086
1066 0.2544347272181251
1067 0.1612931359080939
1068 0.23390440666291223
1069 0.13945348676893649
1070 0.20918933609309304
1071 0.45747115919064374
1072 0.5816456315968374
1073 0.3558453935040624
1074 0.5722773478922564
1075 0.6186535803203412
1076 0.6638524382205139
1077 0.5329437980792419
1078 0.6484966660553467
1079 0.6681476591830516
1080 0.6612008486838038
1081 0.46130596978062016
1082 0.5562824826527202
1083 0.6014073004542274
1084 0.6388180366037585
1085 0.5027383032229582
1086 0.5821756594291077
1087 0.6090133819711524
1088 0.608689927294353
1089 0.49008933453022263
1090 0.5727751495642857
1091 0.6009347578148987
1092 0.6203145106631001
1093 0.5353213130579041
1094 0.5552151893353503
1095 0.5719709625962182
1096 0.5920182040057005
1097 0.5532916578391303
1098 0.569426687238889
1099 0.5813297232672945
1100 0.5940565890114351
1101 0.6015954761532881
1102 0.6234405910209626
1103 0.6464968946358913
1104 0.6621872418628085
1105 0.6125324265312606
1106 0.6392145390316285
1107 0.6518495806027318
1108 0.6067368275063212
1109 0.5347321997191034
1110 0.5952578459833455
1111 0.6116815133806042
1112 0.6149615930763535
1113 0.555486674608548
1114 0.5492151892835756
1115 0.5420735175679298
1116 0.5048761208094465
1117 0.49628201942001704
1118 0.4782601766846945
1119 0.46477210321784884
1120 0.4172328484732887
1121 0.4220207904546898
1122 0.40676743551484934
1123 0.3370129503156629
1124 0.1863172239266857
1125 0.3739903946912267
1126 0.3707520126615644
1127 0.34983731209416574
1128 0.4673109376817051
1129 0.5521029081445074
1130 0.5585325543468325
1131 0.5179263094379456
1132 0.40674428779202254
1133 0.8274685528804124
1134 0.8377050312939235
1135 0.822326966861052
1136 0.7624669131674857
1137 0.4835729773758034
1138 0.37851746533755926
1139 0.347608987830279
1140 0.42293947567009277
1141 0.5148996245773938
1142 0.5113328923290288
1143 0.4885822030014716
1144 0.38066981386529997
1145 0.4412309466211444
1146 0.33961112154724826
1147 0.2636720947914862
1148 0.24818230160422747
1149 0.5166107792050052
1150 0.5268332549226148
1151 0.5105273529448011
1152 0.4604927343084941
1153 0.5366900457581202
1154 0.536929231520497
1155 0.536227616964947
1156 0.5246578414550376
1157 0.5385561067360237
1158 0.505775555954435
1159 0.5071236067981834
1160 0.5084588058855487
1161 0.5149116840050397
1162 0.5082871809071388
1163 0.5008308660019163
1164 0.48427730708340033
1165 0.5212262746475083
1166 0.5330892226450632
1167 0.5356094203845067
1168 0.5311226823305236
1169 0.6506077911993645
1170 0.6760840055397657
1171 0.6669901099745517
1172 0.6945418478739506
1173 0.6447768833439085
1174 0.5873492880066074
1175 0.4232809973755824
1176 0.4074057151836196
1177 0.4323755642023018
1178 0.5386768160736812
1179 0.5418406822137419
1180 0.5256409800653631
1181 0.5290661342123721
1182 0.3283281662637637
1183 0.29584517447313663
1184 0.2719780228140098
1185 0.6218609273013278
1186 0.7723230288675857
1187 0.7841805840198066
1188 0.7877250648745117
1189 0.8113782241778328
1190 0.6325650420971829
1191 0.5481580638466675
1192 0.46371105849260635
1193 0.43340957528655105
1194 0.49189734581795463
1195 0.49936303370999086
1196 0.5129560605899596
1197 0.5619929985673063
1198 0.500149097763202
1199 0.5118813935248624
1200 0.5311274706630251
1201 0.5434820122891564
1202 0.5311117857454273
1203 0.5208167930852321
1204 0.4909747172535214
1205 0.4865017880232358
1206 0.50361241246346
1207 0.4960871292273207
1208 0.48196621637753684
1209 0.39684396851154224
1210 0.527816060502753
1211 0.5355186433171705
1212 0.5532935684933585
1213 0.375575024456105
1214 0.3324583809000181
1215 0.3195552598837346
1216 0.29987935746494965
1217 0.3955100315739241
1218 0.5133002518328141
1219 0.5532145755805223
1220 0.5779065169316195
1221 0.4881032904293049
1222 0.4973642712755717
1223 0.49935224762178365
1224 0.501082242614408
1225 0.4988279881759998
1226 0.5008052262825412
1227 0.5028754350033388
1228 0.5017728940775255
1229 0.5914480500396752
1230 0.5915881456690633
1231 0.5919510171580039
1232 0.5883939274759072
1233 0.5825517739075372
1234 0.5418354995525559
1235 0.5067050693779764
1236 0.4382727930785526
1237 0.5346985753666142
1238 0.44502931349692054
1239 0.3946783642618539
1240 0.31716180761697854
1241 0.307309546328785
1242 0.2121033213598124
1243 0.23406123824647265
1244 0.26440109707645937
1245 0.21020688285190056
1246 0.22642842607399868
1247 0.25538618331564894
1248 0.3016656302563189
1249 0.48464024959829544
1250 0.530077133569317
1251 0.5562980096385921
1252 0.5867127982223441
1253 0.45416830891030974
1254 0.47674975344378434
1255 0.4983200281921353
1256 0.5103155159636503
1257 0.5956916028689796
1258 0.5500660660709394
1259 0.5314848805426833
1260 0.5147570363027029
1261 0.5047891674658401
1262 0.5654528162460543
1263 0.576141433712902
1264 0.5789347757561217
1265 0.5313373528065403
1266 0.4840372567385635
1267 0.4838854775433641
1268 0.4813894488037272
1269 0.4845863518647453
1270 0.4991980220996933
1271 0.5270784351835825
1272 0.5416550026552073
1273 0.5003501236471334
1274 0.4501901906288783
1275 0.3954202442257415
1276 0.33910917144174235
1277 0.32813262089065687
1278 0.3922880434106477
1279 0.3828933366910269
1280 0.3552895510200398
1281 0.39392511202252056
1282 0.3118192441791871
1283 0.36167690117402684
1284 0.3787167375067564
1285 0.248026251793307
1286 0.3143907733913726
1287 0.31894177796083034
1288 0.3419766042116298
1289 0.31171167987692167
1290 0.4871222247844493
1291 0.4948853554949691
1292 0.5219620984691006
1293 0.21614041970514167
1294 0.26904262691767084
1295 0.2704377054302136
1296 0.2424919376125239
1297 0.34822994410507946
1298 0.4421026504635563
1299 0.5425018931194439
1300 0.5716866803958005
1301 0.4793286669916312
1302 0.47865016517185555
1303 0.4807779370494501
1304 0.4920482686572775
1305 0.4462143222732664
1306 0.44678120696594614
1307 0.43850818418004883
1308 0.4290800153018373
1309 0.2641874799065493
1310 0.2754140949191401
1311 0.30783922466162766
1312 0.3483824904441712
1313 0.5286151755913971
1314 0.3347329582088369
1315 0.30989297133639304
1316 0.35102389625037844
1317 0.569185515317664
1318 0.5985965491735931
1319 0.5915052332117012
1320 0.5802800382021207
