x y0 y1 
800 0.030787248629754384 0.03258206156485673 
801 0.029635834334406405 0.0277924253089733 
802 0.02827873145408176 0.034317672062191516 
803 0.035664229749623834 0.03486256397923657 
804 0.02906019258432875 0.028941662734704 
805 0.032749650026711395 0.03042480552239249 
806 0.0272556195424245 0.025140124125045904 
807 0.03430366750014556 0.030968288969966763 
808 0.022993083569221657 0.02297608785266709 
809 0.024556497386015026 0.02558316103320685 
810 0.029448645918033187 0.03759531978838907 
811 0.024880120736293452 0.022248438778174548 
812 0.029327587295974837 0.029569547059864816 
813 0.5299627395040007 0.46826310134182353 
814 0.551182194481102 0.4848465885661824 
815 0.5376341213383488 0.4768195533533913 
816 0.44699588255518546 0.3955227537758652 
817 0.6774421503422506 0.6735070556511165 
818 0.6317447303238676 0.6334124314197174 
819 0.5948991722069012 0.5977558113094951 
820 0.49874785856167103 0.5051231683553186 
821 0.44799782047099734 0.44718969878756515 
822 0.48827464490033523 0.49263495309487976 
823 0.39726317038151093 0.40018797383923055 
824 0.26127811632745734 0.26692347136858274 
825 0.09366210254873215 0.0917530626841074 
826 0.10095648866572411 0.10630818634169342 
827 0.0322179398985334 0.03461234598508539 
828 0.037630184291168926 0.04080170012887965 
829 0.027238725844671446 0.02688339754821624 
830 0.06667433265677022 0.0654677564777948 
831 0.10388715138436608 0.10004469902810507 
832 0.11329612822471558 0.1103728244815056 
833 0.06828708404466372 0.06875604052196231 
834 0.11673249172437203 0.114734905449036 
835 0.13808480000240275 0.13414708239240464 
836 0.15419691433730212 0.15368975932111187 
837 0.10524919753184477 0.10279842591597332 
838 0.14350883877957712 0.13931252624193105 
839 0.13155131968459552 0.1272571507972213 
840 0.1137060685630922 0.1086647323942559 
841 0.0855279106304591 0.06639879165622486 
842 0.060277798682041604 0.04389498134178834 
843 0.04034245446358681 0.03627336560243512 
844 0.04616471061547591 0.050834488007408724 
845 0.35894305053499265 0.344968528167107 
846 0.27364306885488715 0.26697628534036244 
847 0.18104042109878754 0.1711282348263138 
848 0.0888259123309333 0.08981178911763923 
849 0.399148172502469 0.33311730898778535 
850 0.399695287170142 0.3297200592232224 
851 0.28952446484601474 0.2544609176416693 
852 0.17517762507492016 0.18643841313872292 
853 0.12823657553604367 0.1172416577952237 
854 0.07329187745669673 0.07861387068860284 
855 0.05853222269909748 0.06897110904325557 
856 0.04843400514363823 0.055096356337412736 
857 0.09589019690199212 0.10006862554334661 
858 0.16958095153991645 0.17707318193299812 
859 0.13307516224312865 0.13125706591522665 
860 0.11713129884581193 0.11461768947286904 
861 0.1014124775203683 0.09391598960111017 
862 0.12877754969032917 0.11501866508367113 
863 0.11076575832047249 0.09872961806339639 
864 0.08154007591007828 0.07509874074737634 
865 0.26729785087959074 0.2774606507173092 
866 0.2690922544219788 0.2830151886630756 
867 0.22215479143439615 0.24240164362049224 
868 0.15090008546042719 0.1742384167070343 
869 0.47254037201226906 0.5264127219651725 
870 0.5370327587951925 0.6006496616176563 
871 0.4664106873727559 0.5279224944228775 
872 0.39866604083479285 0.46041319898073907 
873 0.24980484527670727 0.2836178579973593 
874 0.21501073219360176 0.24636782986043523 
875 0.17592782258682158 0.20598151976280019 
876 0.10525723782911511 0.12787346966674418 
877 0.7429674727376893 0.749223866942838 
878 0.7977474314623052 0.8035877759035399 
879 0.723057981140417 0.7298930508753257 
880 0.534018905602515 0.5391975736650624 
881 0.48286543678461813 0.4714627306729805 
882 0.5076892131663198 0.4883511513758915 
883 0.3425289108885579 0.3324471241394624 
884 0.14301082886049754 0.134430659543794 
885 0.682792139990552 0.6820990244216558 
886 0.7055895767313847 0.7041043553908927 
887 0.637873065028266 0.6378849313575785 
888 0.4924214207215935 0.49109615133054224 
889 0.29672956028914155 0.29737781095320864 
890 0.26162268753717094 0.2632345612301779 
891 0.21565895674770624 0.2153183401924937 
892 0.1224945838362858 0.12419479514126205 
893 0.7364421625514249 0.7431246979338029 
894 0.7351695519247554 0.7429747003296853 
895 0.6901273465204918 0.6965175790698339 
896 0.5590606896304178 0.5666138590368068 
897 0.46337810880629743 0.501475418624077 
898 0.44243203742699927 0.482211058373151 
899 0.3713042427568445 0.41235336604353323 
900 0.28253969415716823 0.32351039550106603 
901 0.32620461456425126 0.379014163362513 
902 0.30204094823561056 0.3428503381611165 
903 0.24965359886862232 0.2784151819030132 
904 0.15446508044102494 0.16902140056853338 
905 0.4526992050953422 0.5201757988719762 
906 0.48373743704923783 0.54476115414375 
907 0.38627427945501214 0.4366886685578719 
908 0.25014522347236995 0.28521945612513955 
909 0.493558312678236 0.5200926192587703 
910 0.42795802632499924 0.4511959313188752 
911 0.3529391654187956 0.3737259974468184 
912 0.26058557679418354 0.27547908107376146 
913 0.3194658063851759 0.32546602835571037 
914 0.32125295016776584 0.326951689004534 
915 0.30411942456926533 0.30759573967103576 
916 0.28839723719226035 0.2919373584131595 
917 0.3359893649465256 0.34504969235210575 
918 0.33043753304536927 0.339622407822974 
919 0.3007160718325538 0.3083755442156672 
920 0.24953436058142472 0.25523529436377645 
921 0.5843603264084605 0.6333576543970432 
922 0.5656689912381548 0.6154273545147239 
923 0.5485011400907118 0.5952211497205829 
924 0.459568533624248 0.4986483452386524 
925 0.5225545887208474 0.6365248460145417 
926 0.5044076995777029 0.6213791760103549 
927 0.45417726752299636 0.5622686001190236 
928 0.3525366756864969 0.43075653489727234 
929 0.42372669569461385 0.5106104049262835 
930 0.3217519943619153 0.3901705379659911 
931 0.31223423244281573 0.2649983184534856 
932 0.28630020401412276 0.26274522798004335 
933 0.6248699201466887 0.6393220685480366 
934 0.72346690685477 0.736463733997263 
935 0.6215636969086634 0.6290933961277705 
936 0.47567515538137095 0.4773411981112023 
937 0.32588342020873 0.33830319259728037 
938 0.35434027162319714 0.3666930547738417 
939 0.25334620480036874 0.2589490838626236 
940 0.2700310330601423 0.2696081940749141 
941 0.5282397125572638 0.5396417162503483 
942 0.5359693548812583 0.5454863306020463 
943 0.5111920960479756 0.5168327377869906 
944 0.444938729182882 0.44674502578695685 
945 0.729292004233293 0.7842506840224289 
946 0.7508386167479492 0.8080991185796187 
947 0.6895542561578522 0.7421800724662467 
948 0.544788587319142 0.5891947142273587 
949 0.6058776062607545 0.6703368075984767 
950 0.5074806564377232 0.562710798484111 
951 0.3725711762927911 0.4156997045649579 
952 0.271332699247197 0.24975434319872647 
953 0.33674347596164106 0.38931156964117053 
954 0.3573309270877617 0.41972872511724857 
955 0.313251505682477 0.2718757604892397 
956 0.3472371910796883 0.327962328964647 
957 0.1981315703016842 0.23270492106938143 
958 0.31641183204317785 0.28486611899269076 
959 0.3238658071012162 0.3092085462683556 
960 0.3287322286765229 0.32883709625071533 
961 0.2094728175388922 0.21263538980919067 
962 0.32523336727914887 0.33873397148026435 
963 0.3264393183925402 0.34822820148375955 
964 0.32111333261569713 0.3376845512452286 
965 0.38616684058092676 0.3996307520669856 
966 0.39522101891478906 0.40098051143667685 
967 0.2746453541935243 0.274186090767641 
968 0.2912111327233045 0.3021458020487572 
969 0.07839947492194031 0.08180679146961334 
970 0.16437763045549575 0.1815855348422896 
971 0.24910316139413993 0.27324656039931733 
972 0.24068448296688805 0.26434338609164354 
973 0.24182499092637805 0.2730398874522652 
974 0.2263623520185915 0.2522595650922933 
975 0.23199871959593985 0.25305388120746186 
976 0.20119799377455108 0.2230654782706541 
977 0.16034604884309414 0.15149545681417745 
978 0.2484977082883133 0.2796838275444701 
979 0.2499665071080888 0.2809183864182523 
980 0.26834495015456733 0.2957197457271141 
981 0.2584497868529342 0.2897710229596689 
982 0.2650992658582 0.2940461710044304 
983 0.24594700066625158 0.2715576208447373 
984 0.20818623677478382 0.22961935002756065 
985 0.2689353006650367 0.2777569676293103 
986 0.2355676803691479 0.24360028179748425 
987 0.23444519015083487 0.24600551480231586 
988 0.1900672651769512 0.20146218128140295 
989 0.1281327169665871 0.13961043836431838 
990 0.2579693699362733 0.2753698648085218 
991 0.2865760654508893 0.30956964653217484 
992 0.29126412410498675 0.31374186284361194 
993 0.1544434342444154 0.1696110144654275 
994 0.2731795184988958 0.2975890163971659 
995 0.3040642485888408 0.33089579779017225 
996 0.31414092180364456 0.34001087207407016 
997 0.19337392763363165 0.19402380044065473 
998 0.26275763003272185 0.2763743594556136 
999 0.26207253401814706 0.2754574321651402 
1000 0.2119436508693181 0.22505601689948196 
1001 0.840214462465509 0.8791346876755554 
1002 0.7672251754322721 0.800066394136158 
1003 0.6702985774957878 0.7033102474646796 
1004 0.4602102626648437 0.4805926346152857 
1005 0.3699005900136987 0.3914251092940805 
1006 0.2970299845832169 0.3134907220039885 
1007 0.25403667802711394 0.2674148576501618 
1008 0.1746749970274624 0.1760120357385492 
1009 0.31437523356023256 0.32422996096253703 
1010 0.31431322070760326 0.3248725921757387 
1011 0.24926752817833137 0.25246955030455337 
1012 0.2082062670350708 0.20952343514720356 
1013 0.2978270889349816 0.2958240538096405 
1014 0.2847826443716613 0.28117940313390954 
1015 0.24194890939517996 0.23571294073984983 
1016 0.17056266378768145 0.18784429685900747 
1017 0.2636764161845646 0.25694759072393647 
1018 0.3154265029481722 0.30567305038821696 
1019 0.27792106930670835 0.26601298702687576 
1020 0.2986976776941116 0.32115657500739775 
1021 0.10538417255487072 0.11317074169659339 
1022 0.18113203480516418 0.20375485340941046 
1023 0.20224133227715532 0.22616116953410556 
1024 0.2547773351526148 0.2830333097164051 
1025 0.1476712079048371 0.13917918292931944 
1026 0.16026413714227608 0.1640816650288466 
1027 0.17906373904839484 0.2050865243876339 
1028 0.22047453845228052 0.2465769197633081 
1029 0.12797392510950747 0.1129587634480043 
1030 0.1786968526850678 0.19947612345073526 
1031 0.18985580869578572 0.2234592198348657 
1032 0.21772111653904075 0.24207278101185026 
1033 0.19325155580374917 0.19885478316998043 
1034 0.23741831475382819 0.24506121655491053 
1035 0.24720809322481105 0.2385660990018013 
1036 0.2501673320600833 0.25380044758073494 
1037 0.14814345882166471 0.15383686303503719 
1038 0.2124307484887122 0.1898679009252278 
1039 0.23720186824896014 0.23251103860674993 
1040 0.21092550693220025 0.21407033812682147 
1041 0.6251521981122706 0.6337400491847053 
1042 0.45482911036059115 0.45901445845766303 
1043 0.5725840195675873 0.5748728643481856 
1044 0.44378296497031394 0.44233872573122596 
1045 0.7617817095157112 0.7701001903344964 
1046 0.7515827450025477 0.759275861752825 
1047 0.7426122650603121 0.7492938674343351 
1048 0.7215766456371938 0.7277285486893899 
1049 0.7480399783929665 0.7552196904991128 
1050 0.7453712698225091 0.7520479071428265 
1051 0.7418437813147507 0.7482268985606547 
1052 0.7336480877831376 0.7394658948912533 
1053 0.7694438690185162 0.7761250810865368 
1054 0.7664253075983167 0.7728407826419258 
1055 0.7608592349518487 0.7666957512848992 
1056 0.750576393393089 0.7559888635858296 
1057 0.7771413349956416 0.7840771095090848 
1058 0.7694238033760328 0.7762869216215662 
1059 0.7591815660595604 0.76532173625173 
1060 0.7307603634552209 0.7360900493869584 
1061 0.7412440836506915 0.7482183633287772 
1062 0.6468598137694571 0.6536609252828379 
1063 0.5508105906467026 0.5538963742606098 
1064 0.29242467483159007 0.2927752015593527 
1065 0.5420501469410769 0.5600919778703259 
1066 0.2415262665837038 0.2544347272181251 
1067 0.1612931359080939 0.1494047616410255 
1068 0.2582161531058902 0.2579150476759395 
1069 0.13945348676893649 0.13168171146387728 
1070 0.20918933609309304 0.19811336550319503 
1071 0.5223076131330158 0.520553501367038 
1072 0.6630608058601514 0.6698314967031023 
1073 0.3558453935040624 0.34184590666820525 
1074 0.5722773478922564 0.5617630400585718 
1075 0.6268522184181438 0.6244314996038837 
1076 0.7030580523183835 0.7057625591017773 
1077 0.5451543929032648 0.549768434055499 
1078 0.6822331123982789 0.6880898098938851 
1079 0.7173199625012948 0.7277785937246734 
1080 0.7350096567689253 0.7452987527033674 
1081 0.46130596978062016 0.44559654073315846 
1082 0.5562824826527202 0.5429159294886765 
1083 0.6014073004542274 0.5952328252907614 
1084 0.6466647844073662 0.6458481430119679 
1085 0.5027383032229582 0.4899864403116786 
1086 0.5821756594291077 0.5744156833351902 
1087 0.6090133819711524 0.6056862807673183 
1088 0.6267926490292207 0.6277334169670228 
1089 0.49008933453022263 0.47942064984947447 
1090 0.5727751495642857 0.5642916830447471 
1091 0.6009347578148987 0.597381438787422 
1092 0.6205757691110051 0.6229811786972252 
1093 0.5353213130579041 0.39598267199592424 
1094 0.5552151893353503 0.42097797842848805 
1095 0.573575566920607 0.44343225723219454 
1096 0.6086728846424475 0.4904566165364812 
1097 0.5856439947747478 0.4428231120340315 
1098 0.6115275440718011 0.4753702259155507 
1099 0.626594649861324 0.4956596354246835 
1100 0.6495544737641236 0.53037658754492 
1101 0.6015954761532881 0.4765820565948494 
1102 0.6234405910209626 0.5058750890036213 
1103 0.6473082702892505 0.5424344050001806 
1104 0.6858950817341272 0.6027419685905153 
1105 0.6125324265312606 0.5238108194567725 
1106 0.6392145390316285 0.5705941533384289 
1107 0.6518495806027318 0.606009129343927 
1108 0.6288225117393192 0.6061578476608571 
1109 0.5347321997191034 0.4894613371490754 
1110 0.5952578459833455 0.5606917712689528 
1111 0.6116815133806042 0.5949314262356867 
1112 0.6064297698520699 0.6149615930763535 
1113 0.555486674608548 0.4912724270421458 
1114 0.5492151892835756 0.4548265163365136 
1115 0.5420735175679298 0.4151592030194437 
1116 0.5048761208094465 0.32953733069773244 
1117 0.49628201942001704 0.4670338169069263 
1118 0.4782601766846945 0.42292362891882196 
1119 0.46477210321784884 0.39648391143945777 
1120 0.4172328484732887 0.3170242564641422 
1121 0.4220207904546898 0.40550807455898513 
1122 0.40676743551484934 0.3643347411287216 
1123 0.3370129503156629 0.24144518985276767 
1124 0.2719839215377843 0.19817698930943017 
1125 0.3739903946912267 0.10119610107367466 
1126 0.3707520126615644 0.20791770680635513 
1127 0.48199917528743164 0.43337357437459795 
1128 0.6399616632927875 0.6437583584326473 
1129 0.5521029081445074 0.3721920456855107 
1130 0.5585325543468325 0.3359291033470617 
1131 0.5179263094379456 0.2738702339322011 
1132 0.40674428779202254 0.16429202951795788 
1133 0.8274685528804124 0.22190720447179832 
1134 0.8377050312939235 0.1875746609381597 
1135 0.822326966861052 0.19141246852021188 
1136 0.7624669131674857 0.20524499382989278 
1137 0.4835729773758034 0.17361409327004768 
1138 0.37851746533755926 0.1844438986683603 
1139 0.42800784337896775 0.3597535316920663 
1140 0.5241899206991377 0.5095475860066693 
1141 0.5148996245773938 0.5014260162684503 
1142 0.5113328923290288 0.4877909964819228 
1143 0.4885822030014716 0.42428641243344073 
1144 0.38066981386529997 0.2864074458077961 
1145 0.4412309466211444 0.423282056217999 
1146 0.33961112154724826 0.29333923236667997 
1147 0.2636720947914862 0.21245309071410062 
1148 0.2481906101408156 0.25662149428923126 
1149 0.5166107792050052 0.42572745204695933 
1150 0.5268332549226148 0.4462538072411634 
1151 0.5105273529448011 0.46324830247166077 
1152 0.5075707464573187 0.4974120128326156 
1153 0.5366900457581202 0.44474131039534986 
1154 0.536929231520497 0.4521541687378075 
1155 0.536227616964947 0.4595328703815712 
1156 0.5246578414550376 0.46269730554703914 
1157 0.5385561067360237 0.2914673206765212 
1158 0.505775555954435 0.3850000894639965 
1159 0.5071236067981834 0.38535460208781364 
1160 0.5084588058855487 0.3853494146447298 
1161 0.5149116840050397 0.42865135244665 
1162 0.5082871809071388 0.42183360819481763 
1163 0.5008308660019163 0.42328293074261186 
1164 0.48427730708340033 0.39670127064909777 
1165 0.5212262746475083 0.46024475981226215 
1166 0.5330892226450632 0.520642138159601 
1167 0.507603607165462 0.5356094203845067 
1168 0.4666359690513556 0.5311226823305236 
1169 0.6506077911993645 0.2526690170048416 
1170 0.6760840055397657 0.25683825172547753 
1171 0.6669901099745517 0.28047176481159863 
1172 0.6945418478739506 0.299360107219885 
1173 0.6447768833439085 0.25845287434981784 
1174 0.5873492880066074 0.3416376138312356 
1175 0.4232809973755824 0.38079425032864583 
1176 0.3457375093854586 0.4353590568511726 
1177 0.4323755642023018 0.28977099429835446 
1178 0.4567149307824071 0.5386768160736812 
1179 0.4458563081465933 0.5418406822137419 
1180 0.45600611174207833 0.5256409800653631 
1181 0.501799726180871 0.5290661342123721 
1182 0.32989927553558607 0.3299652528739742 
1183 0.27678667748466956 0.29584517447313663 
1184 0.24242311688074727 0.2719780228140098 
1185 0.6218609273013278 0.41323951533018366 
1186 0.7723230288675857 0.353468320068657 
1187 0.7841805840198066 0.3256985908285244 
1188 0.7877250648745117 0.29863142011348054 
1189 0.8113782241778328 0.25278407731175356 
1190 0.6325650420971829 0.306042518097037 
1191 0.5481580638466675 0.3076030592834922 
1192 0.46371105849260635 0.319810274424266 
1193 0.36618279336319937 0.43788052484519596 
1194 0.49189734581795463 0.4325187803315315 
1195 0.49936303370999086 0.44951486140396113 
1196 0.5129560605899596 0.4655557389948592 
1197 0.5619929985673063 0.448226165848145 
1198 0.500149097763202 0.4913922481945997 
1199 0.46452385992657785 0.5118813935248624 
1200 0.4208339295438897 0.5311274706630251 
1201 0.4676562038132965 0.5434820122891564 
1202 0.43504357317157843 0.5311117857454273 
1203 0.4206899819730387 0.5208167930852321 
1204 0.3876010472254898 0.4909747172535214 
1205 0.4417161122232806 0.4865017880232358 
1206 0.40943203959334024 0.50361241246346 
1207 0.3942711634199847 0.4960871292273207 
1208 0.442562634651547 0.48196621637753684 
1209 0.39684396851154224 0.25805724312931816 
1210 0.527816060502753 0.2663912411885127 
1211 0.5355186433171705 0.29145874440988273 
1212 0.5532935684933585 0.3128827062783781 
1213 0.375575024456105 0.31832221776457215 
1214 0.3324583809000181 0.304326224546449 
1215 0.3195552598837346 0.2989282579411849 
1216 0.29987935746494965 0.29049493986514563 
1217 0.3955100315739241 0.3347585740755063 
1218 0.5133002518328141 0.31396304223005667 
1219 0.5532145755805223 0.28241572108181806 
1220 0.5779065169316195 0.2353453646818831 
1221 0.4881032904293049 0.38034664479429275 
1222 0.4973642712755717 0.3796068351510961 
1223 0.49935224762178365 0.3786098912621664 
1224 0.501082242614408 0.3751556308453363 
1225 0.4988279881759998 0.3795096617699117 
1226 0.5008052262825412 0.37851073291229326 
1227 0.5028754350033388 0.37257780908069127 
1228 0.5017728940775255 0.3662301420692034 
1229 0.5914480500396752 0.2937257397152721 
1230 0.5915881456690633 0.28926481707007756 
1231 0.5919510171580039 0.2830691001098198 
1232 0.5883939274759072 0.28418252351355755 
1233 0.5825517739075372 0.24462709811117384 
1234 0.5418354995525559 0.2958836952247746 
1235 0.5067050693779764 0.31128319233684043 
1236 0.4382727930785526 0.32463677608539526 
1237 0.5346985753666142 0.2649556096911371 
1238 0.44502931349692054 0.27145742926215305 
1239 0.3946783642618539 0.26112429167872997 
1240 0.31716180761697854 0.23929182703502794 
1241 0.307309546328785 0.14997414792180266 
1242 0.2121033213598124 0.20547723853798525 
1243 0.2154127912616859 0.23406123824647265 
1244 0.24393658084589231 0.2650513702305252 
1245 0.19958198104589275 0.21020688285190056 
1246 0.20132693741541202 0.22642842607399868 
1247 0.2374738576388568 0.25538618331564894 
1248 0.30236260585388725 0.29202007793235646 
1249 0.48464024959829544 0.2830937349295383 
1250 0.530077133569317 0.26519989248342224 
1251 0.5562980096385921 0.2713489114669578 
1252 0.5867127982223441 0.26702709346795533 
1253 0.45416830891030974 0.3592516607217654 
1254 0.47674975344378434 0.3438749794177564 
1255 0.4983200281921353 0.3408376018295131 
1256 0.5103155159636503 0.3112572805076014 
1257 0.5956916028689796 0.1948852658366486 
1258 0.5500660660709394 0.19381625105321115 
1259 0.5314848805426833 0.19404783162133968 
1260 0.5147570363027029 0.1934028590935045 
1261 0.5047891674658401 0.18897873891897596 
1262 0.5654528162460543 0.18911179891696542 
1263 0.576141433712902 0.2049257052477259 
1264 0.5789347757561217 0.25083826577046614 
1265 0.5313373528065403 0.33347245263191605 
1266 0.4840372567385635 0.3595605635428963 
1267 0.4838854775433641 0.36615030828353784 
1268 0.4813894488037272 0.37086344386758274 
1269 0.4845863518647453 0.33164319385778923 
1270 0.4991980220996933 0.3292800688066597 
1271 0.5270784351835825 0.29593803524298434 
1272 0.5416550026552073 0.27869428465586227 
1273 0.5003501236471334 0.23750288940895647 
1274 0.4501901906288783 0.36606942357096356 
1275 0.4000110280211442 0.34343567202813274 
1276 0.35135000638436675 0.3164024170751592 
1277 0.3009353605775292 0.32813262089065687 
1278 0.3922880434106477 0.3450295022003578 
1279 0.3828933366910269 0.32789120358990415 
1280 0.3552895510200398 0.27955430464380204 
1281 0.39392511202252056 0.3481522821990213 
1282 0.2765602135792863 0.3118192441791871 
1283 0.3121642091054333 0.36167690117402684 
1284 0.303488816854941 0.3787167375067564 
1285 0.24451634093771757 0.248026251793307 
1286 0.3143907733913726 0.3036846144929581 
1287 0.31894177796083034 0.308339086342152 
1288 0.3419766042116298 0.3212803139768631 
1289 0.3138336362554929 0.3068028772806225 
1290 0.4871222247844493 0.37571168035281755 
1291 0.4948853554949691 0.3697595464029463 
1292 0.5219620984691006 0.3538232014016645 
1293 0.21614041970514167 0.20635751248493436 
1294 0.2572051118633339 0.26904262691767084 
1295 0.2609931354395025 0.2704377054302136 
1296 0.23760052875504156 0.2424919376125239 
1297 0.2854554008472264 0.34822994410507946 
1298 0.4421026504635563 0.18132232204504956 
1299 0.5425018931194439 0.18169048366286303 
1300 0.5716866803958005 0.20647326388818174 
1301 0.4793286669916312 0.3533250049302375 
1302 0.47865016517185555 0.3521039562949039 
1303 0.4807779370494501 0.34433153743248146 
1304 0.4920482686572775 0.33405211990244826 
1305 0.4462143222732664 0.37305479305668315 
1306 0.44678120696594614 0.35066279754633634 
1307 0.43850818418004883 0.3394230085946713 
1308 0.4290800153018373 0.3248230736793832 
1309 0.2385747299322802 0.2641874799065493 
1310 0.2754140949191401 0.17679943976689003 
1311 0.30783922466162766 0.19184881955225042 
1312 0.3483824904441712 0.23605789400756585 
1313 0.5286151755913971 0.1881352171130915 
1314 0.3347329582088369 0.1497854118026112 
1315 0.30989297133639304 0.2979863781635316 
1316 0.3000480220854636 0.35102389625037844 
1317 0.569185515317664 0.18460916815079847 
1318 0.5985965491735931 0.218238200036168 
1319 0.5915052332117012 0.2168535651461635 
1320 0.5802800382021207 0.21747329930068587 
