x y
490 0.051200111913321675
491 0.04446704900934039
492 0.042635160858676684
493 0.04307338226282263
494 0.04358439655261421
495 0.04313237283865654
496 0.04020564007426555
497 0.042897788595047615
498 0.04334998533930075
499 0.04221902263061464
500 0.04194833294791396
501 0.039747338015952434
502 0.0391838471459121
503 0.039235356385072126
504 0.040137938178758166
505 0.04150088162949176
506 0.038508145618270255
507 0.03824699046055752
508 0.03645603845848476
509 0.042622377023920716
510 0.042872565356247984
511 0.042946761514806385
512 0.04324277701688942
513 0.045253469898765816
514 0.06310822526123618
515 0.03558458874502695
516 0.037181577172712234
517 0.04654285534343802
518 0.11944540609549008
519 0.125686996770805
520 0.09474401749621653
521 0.1413411121577243
522 0.04191448613207198
523 0.038895167908169645
524 0.03717743520614938
525 0.038131156663521404
526 0.037084487876264415
527 0.03644137825731312
528 0.036751668319543594
529 0.03745138650569792
530 0.03936748715038418
531 0.039976780267126366
532 0.040888887297681
533 0.0429978268918954
534 0.04340715289905493
535 0.04400050561321967
536 0.04369434075446939
537 0.03722933283557021
538 0.0407244709056513
539 0.03918023233968788
540 0.03846928542302899
541 0.04338707495217275
542 0.0439766938186771
543 0.04618977543114468
544 0.04398151393152928
545 0.045463678340227125
546 0.04495877815305721
547 0.028517447235281577
548 0.03221611697909791
549 0.039517103998873704
550 0.040489662447316166
551 0.04127037332827986
552 0.04174663061562975
553 0.040494351651041136
554 0.045902352602867506
555 0.04413560362651519
556 0.04438503368430179
557 0.029118258809887783
558 0.041382247108439525
559 0.041396919208343
560 0.04156114236595733
561 0.04101444321478897
562 0.04205369549176405
563 0.041956762363061846
564 0.04211012809367515
565 0.03775949823642828
566 0.044034005190052544
567 0.04324806755974105
568 0.042683081977306865
569 0.0351064510038539
570 0.037611398500202335
571 0.034665020398305005
572 0.0514841440345378
573 0.04297423305711592
574 0.04260680711386022
575 0.04340806504078387
576 0.04311152863181179
577 0.04188011365485966
578 0.03907406531618496
579 0.03957686734545111
580 0.033554353219416105
581 0.04232148565376184
582 0.04301208800457285
583 0.04296216801087756
584 0.04276514519789212
585 0.04219284518674071
586 0.041289828459794856
587 0.04339979261658077
588 0.042418380827271805
589 0.043778097704620926
590 0.0432137028855339
591 0.043086704980451876
592 0.043358532046449925
593 0.04338481567943906
594 0.04279424567256429
595 0.042453241442178755
596 0.0446170500270358
597 0.04242771072833388
598 0.042943041641022264
599 0.04239993618475996
600 0.04234916299851066
601 0.04025703068089045
602 0.043212257039436604
603 0.04355788789726242
604 0.043502747449476284
605 0.045136933317886464
606 0.04495246883510472
607 0.04499379176842361
608 0.04420090634075974
609 0.0442016275806281
610 0.04401112806358893
611 0.04416582760522982
612 0.04376527349793894
613 0.0445815803377565
614 0.04575719551102966
615 0.04644362182348746
616 0.028486211970547005
617 0.0458731322531093
618 0.04482006527753084
619 0.04494762452503082
620 0.04478082375620531
621 0.04308934580498271
622 0.04342791840943423
623 0.04254731481250269
624 0.04245937708797286
625 0.04276869953571134
626 0.04322286811701438
627 0.04332667009543759
628 0.040093414564878076
629 0.04345199641050004
630 0.04270599838275556
631 0.043021909043070336
632 0.0408167344858618
633 0.030600923849147862
634 0.041774226496760894
635 0.0379915420005673
636 0.040333113820932645
637 0.04097608941571562
638 0.0419290821328585
639 0.042234131787275676
640 0.041877648205252395
641 0.04315778146398189
642 0.04234323654605854
643 0.04183526193425794
644 0.038221840155279636
645 0.04113040778333905
646 0.04286766695408713
647 0.04144129855260955
648 0.04042527666516423
649 0.04262790242282675
650 0.04304713545792721
651 0.04294457820770283
652 0.04311614627750245
653 0.04023636933647178
654 0.04234213014193651
655 0.04125846869469891
656 0.04062215109212112
657 0.050800643130110644
658 0.054097711760106484
659 0.0484599111905679
660 0.045925190176955205
661 0.04401888830803325
662 0.042196069314292234
663 0.03320021795108219
664 0.04002336523873561
665 0.04292922454626734
666 0.04360841566672786
667 0.04321400348562835
668 0.0433844664092331
669 0.0427617634493246
670 0.04317838835840197
671 0.04276828300252611
672 0.04305102346507635
673 0.04300276106317692
674 0.04432876477047882
675 0.044951577539454564
676 0.040193482372600446
677 0.038485896942899236
678 0.03283515164326232
679 0.03483482798489227
680 0.03982618619257565
681 0.042888883672177004
682 0.03875478679117269
683 0.04098223847915761
684 0.042009930829637485
685 0.04273648861155381
686 0.04262813677380869
687 0.04284821739874792
688 0.04285450861587184
689 0.0416743424671773
690 0.03902366667432278
691 0.03754923148560627
692 0.027477855960614576
693 0.04087891711517531
694 0.0405443143206371
695 0.04182313851940023
696 0.04193717691475192
697 0.04226178185970097
698 0.04226504492290196
699 0.0423269529877115
700 0.04255380489801782
701 0.042386264235843504
702 0.04251377383906462
703 0.0431791889268261
704 0.043858961029422376
705 0.0420894036397308
706 0.03741747835367691
707 0.023621709826785534
708 0.043796670992202226
709 0.03924099313654813
710 0.03919746187800592
711 0.039599306835210686
712 0.04027583681227677
713 0.04470650480123566
714 0.043511495540494834
715 0.04288365213165731
716 0.043228314477456384
717 0.04336267091889016
718 0.04209152081060847
719 0.0370016020145978
720 0.043671385940965625
721 0.04304993860599785
722 0.04758597703949218
723 0.04087452216458519
724 0.04385357702943099
725 0.04151002284953422
726 0.0460621541144987
727 0.04507287480979999
728 0.04638973802855788
729 0.04384264747052815
730 0.043617842058177966
731 0.04354823061333757
732 0.043719548007660876
733 0.04041238570902027
734 0.04012782776215373
735 0.04092375175040919
736 0.040945169892171375
737 0.04385033906997018
738 0.043749050823760995
739 0.04331280650214115
740 0.043565770915477135
741 0.0415010529346018
742 0.03670881880195528
743 0.02841329662966874
744 0.043985294433002815
745 0.04293656219277635
746 0.04379785662181838
747 0.04317692013068871
748 0.04309299182697255
749 0.0431976652341186
750 0.04359092698226523
751 0.043480586269121095
752 0.044196728442238445
753 0.04312680686818147
754 0.045292568608505904
755 0.051642223084921335
756 0.03782653704398018
757 0.04228005078062669
758 0.04231350908298422
759 0.041844037600260946
760 0.04201215249202731
761 0.03928433318015718
762 0.035747781096335016
763 0.03174132240313509
764 0.03177374895526465
765 0.038875948312623504
766 0.04071204844218263
767 0.041259070105848956
768 0.041952263661938785
769 0.03918176866360471
770 0.039400091547354556
771 0.039736988153290784
772 0.03961525878287605
773 0.0467872365761076
774 0.04347708284887088
775 0.043480593226678126
776 0.042789007220253236
777 0.04292323497573785
778 0.0428091351379599
779 0.042876762717179835
780 0.04267501525559881
781 0.0426335196836598
782 0.04063792274827559
783 0.0455824139151949
784 0.04323001177764576
785 0.043699403740774585
786 0.03891139094608203
787 0.03963589450895104
788 0.040711034336063795
789 0.04199642946146352
790 0.04202284923409437
791 0.0421063562253711
792 0.040870469676506344
793 0.040838421241956
794 0.03600384667474112
795 0.03930057925119755
796 0.033116230033499526
797 0.04353990798708857
798 0.04184898195584148
799 0.042083391504817026
800 0.042299072511247246
801 0.025186380099977996
802 0.044281569713246094
803 0.04456237709104519
804 0.04347353365403106
805 0.04335358763759448
806 0.04360678487581304
807 0.04387444422669275
808 0.04293852083420112
809 0.0342437618120906
810 0.03972332350333792
811 0.04077621624603892
812 0.04168621761705682
813 0.04372230838545514
814 0.05104239099181818
815 0.04762081075593301
816 0.037204257764100385
817 0.037927002525885704
818 0.038753308315126786
819 0.03846880037338374
820 0.03890994269171846
821 0.04439618409699533
822 0.04359029050445963
823 0.043487817291050015
824 0.04232097401559184
825 0.042716243469042764
826 0.042605573843193745
827 0.04296759438231934
828 0.04262772563684533
829 0.042195361451942394
830 0.04287882733653602
831 0.04228539618535782
832 0.04218080071103961
833 0.042897660609693355
834 0.042829838058315285
835 0.04218335661015941
836 0.04220138696643779
837 0.028519778344809805
838 0.04609365952291328
839 0.04494998617998952
840 0.04505689988021038
841 0.04321328468382333
842 0.04472788949734761
843 0.044654104167715314
844 0.035511310050232524
845 0.03591792020331164
846 0.03622192173695658
847 0.034168149099585994
848 0.03300834967652728
849 0.041339462318427875
850 0.040988143888871655
851 0.04073719945659627
852 0.042145079062400094
853 0.042847241030766814
854 0.04302613741699208
855 0.04339090122886876
856 0.04326170240430835
857 0.04348530668975459
858 0.04299521326828944
859 0.043890942379282635
860 0.04524433935789853
861 0.03151472102086808
862 0.045942018171194386
863 0.044770928726844295
864 0.040895262253255765
865 0.047334012670505916
866 0.044810404087806954
867 0.044735182694606294
868 0.043788693497940165
869 0.045161318119598025
870 0.044775282958537575
871 0.04494229041446691
872 0.04428425087429677
873 0.0450275560371434
874 0.04525289647282476
875 0.04362796737051488
876 0.042279539168938084
877 0.04347995972676709
878 0.044151240593195376
879 0.04046643507035839
880 0.03946980260391876
881 0.04227617100449513
882 0.042851071860035686
883 0.04336542369205185
884 0.04243788660180381
885 0.03529170980700274
886 0.04498168259815593
887 0.033403518615454396
888 0.038119718427694835
889 0.03613068601240239
890 0.03975784558264058
891 0.040207944226457126
892 0.04197911018262743
893 0.035883583085467366
894 0.0377928092907694
895 0.03784555510579048
896 0.03787739978321127
897 0.03848042205122836
898 0.03831437922099935
899 0.03901329564771891
900 0.038758686586599526
901 0.0382245922990674
902 0.037330029419059975
903 0.038623976382668096
904 0.037922725953551235
905 0.03927128266478589
906 0.03818231061299642
907 0.03808243506656741
908 0.037906894704160664
909 0.040007928657482685
910 0.04396839105132621
911 0.04691318579446564
912 0.042026655686904654
913 0.04089395743829362
914 0.09257982958381343
915 0.0933464161939932
916 0.0764409919617049
917 0.09931142217354978
918 0.041098988792894815
919 0.03730814637844084
920 0.03566983134089151
921 0.031057767743732853
922 0.031854579606863616
923 0.03099037100473178
924 0.02982347576821698
925 0.033124144321574664
926 0.03396807525020825
927 0.03413190789914678
928 0.03548631394209147
929 0.037394110472142326
930 0.03770236108141983
931 0.037725040889361856
932 0.03756839616747918
933 0.04470671235203412
934 0.04429171185523969
935 0.04466629550291111
936 0.04451808832648384
937 0.042584248903859846
938 0.042975094324695956
939 0.041961926728960194
940 0.04144859811152233
941 0.038394015762908226
942 0.04393029808534877
943 0.04583586742061581
944 0.04629796359250774
945 0.03189019715980594
946 0.02856236261775089
947 0.032053725479756406
948 0.03235428252163901
949 0.038238660783022925
950 0.036132673601697085
951 0.03499799516990605
952 0.035087666985371364
953 0.03218332261732379
954 0.03523636621124386
955 0.03532406034526764
956 0.03530774102438897
957 0.0364943683579162
958 0.03643487828384556
959 0.0358818558330781
960 0.03599352049561287
961 0.03358700668342395
962 0.035982591379289025
963 0.035758012162782696
964 0.03559122711041387
965 0.033903486206313234
966 0.03664690763678935
967 0.03543072397225189
968 0.03884764513952473
969 0.03569316718675753
970 0.03474539348858115
971 0.035548698499126466
972 0.03448399166050828
973 0.03528255433858259
974 0.03328060005820619
975 0.033938385727905626
976 0.03817426817055642
977 0.036185072670123775
978 0.03605360826375323
979 0.036015040261508466
980 0.036264108941041796
981 0.034576885804598556
982 0.03590264206561125
983 0.03646844960345239
984 0.03646898714459111
985 0.035564835603062714
986 0.035410016600294886
987 0.03578168413879649
988 0.03598501062959112
989 0.03538884589085618
990 0.03651684592041443
991 0.036633079644177474
992 0.03877085110578326
993 0.036853685506047874
994 0.03843963890271058
995 0.03791101461352888
996 0.0382524532629235
997 0.03549564645315178
998 0.035818458579869566
999 0.03611273287156545
1000 0.03656969516534438
1001 0.0364846362079186
1002 0.036188288967977975
1003 0.03653879749715348
1004 0.036303574045849246
1005 0.03766043463800558
1006 0.037228463225204005
1007 0.037830219999779875
1008 0.03741648256673322
1009 0.03555221279898769
1010 0.03428225975627222
1011 0.034604540689629766
1012 0.031599469555375834
1013 0.03206013923808312
1014 0.033395724849302325
1015 0.033808874636710416
1016 0.034294168837440596
1017 0.03321760782167555
1018 0.03379649905863459
1019 0.03398418816246962
1020 0.03398730630233232
1021 0.032950194052319144
1022 0.03211654486813123
1023 0.0314801438409132
1024 0.03133579110155131
1025 0.028074698280618336
1026 0.030209090133226448
1027 0.030687604689230416
1028 0.03165493044969009
1029 0.03294842050551239
1030 0.03407272349941297
1031 0.034019867604447446
1032 0.03454452935316127
1033 0.03504500077936157
1034 0.035469334326000725
1035 0.035790837470379
1036 0.03560249185003909
1037 0.03445458232270417
1038 0.034430358261730964
1039 0.035079189777909456
1040 0.034853602846923126
1041 0.02942086731338832
1042 0.03622493421775698
1043 0.034986034696898205
1044 0.035786901075080285
1045 0.03227848219716228
1046 0.03350134219173517
1047 0.03340343246537397
1048 0.03334243310583049
1049 0.029497759524325578
1050 0.029149256453340842
1051 0.028877335331755644
1052 0.029715994414122083
1053 0.029847569745311713
1054 0.029332062902117505
1055 0.02999335450288159
1056 0.030290943503882995
1057 0.031098531303568898
1058 0.031587631362923085
1059 0.03155704465259038
1060 0.0315247831964841
1061 0.03752286831424982
1062 0.03731800368738906
1063 0.037120711219053186
1064 0.03719002148543877
1065 0.03839920684564747
1066 0.038651520392665395
1067 0.0381746660642324
1068 0.03893690824874383
1069 0.029565269301862523
1070 0.03215365806231712
1071 0.032541781332376715
1072 0.03308933408596781
1073 0.033522665049914684
1074 0.033588603191677745
1075 0.032896707369631205
1076 0.03346273469764812
1077 0.031703080487562534
1078 0.034424443404233826
1079 0.034178004647357485
1080 0.03408162344032142
1081 0.035668280650616974
1082 0.03600797619939079
1083 0.036359265076517815
1084 0.03343936957696661
1085 0.028882171833503507
1086 0.028751069688690286
1087 0.02566989883731695
1088 0.028340226166768942
1089 0.035767518971951774
1090 0.03673809307934892
1091 0.036602834646281536
1092 0.03618547742992419
1093 0.1148615757512604
1094 0.10514171262160435
1095 0.07094912410075307
1096 0.04742983544028127
1097 0.04021211849505172
1098 0.03904058591388453
1099 0.039103789409001326
1100 0.03864848501935091
1101 0.03863706198005194
1102 0.03875305705809204
1103 0.03921143116552359
1104 0.03835744419200859
1105 0.03776268366070262
1106 0.03748126797059435
1107 0.03704785714485168
1108 0.036696934954159786
1109 0.036633640379121445
1110 0.037969684394256416
1111 0.033640071332114115
1112 0.03377640367475662
1113 0.12347142702844495
1114 0.04466137199286666
1115 0.042139979495634826
1116 0.041000181703681866
1117 0.04403126032732146
1118 0.04371059237041945
1119 0.04377720052509262
1120 0.043351553942675355
1121 0.05298574255670472
1122 0.0469059899929876
1123 0.05073912446476397
1124 0.04474623148458112
1125 0.027863921614550303
1126 0.02954841975773162
1127 0.030979663790156885
1128 0.032086091470971696
1129 0.03764069552629564
1130 0.03715902996129089
1131 0.03628124616156442
1132 0.035276366005013875
1133 0.060743357269030435
1134 0.06778702696257803
1135 0.0635303210290129
1136 0.053940250232690695
1137 0.06002594270028481
1138 0.04107376601655152
1139 0.037971786867483086
1140 0.03690970111621183
1141 0.03922469185529937
1142 0.048386911432522904
1143 0.04562908194075471
1144 0.04064218358392251
1145 0.03374554471706025
1146 0.03357938334337903
1147 0.032841634712561914
1148 0.03248115268512139
1149 0.03548481807557954
1150 0.04417468652216727
1151 0.030879798225875534
1152 0.02624075201499998
1153 0.21991077635500064
1154 0.12135918405791113
1155 0.08486103918184812
1156 0.053377936432091246
1157 0.04377110802958287
1158 0.11885289511717526
1159 0.12706268527499076
1160 0.13830611056450232
1161 0.16091372006426596
1162 0.10527146024474572
1163 0.0813459038814554
1164 0.06395526471772213
1165 0.036283491820898885
1166 0.034770389229867416
1167 0.034850275195026606
1168 0.03505333857071248
1169 0.05939697732656693
1170 0.05086575548579353
1171 0.04916105849286529
1172 0.0456100336605591
1173 0.03490725653110553
1174 0.0384278741994146
1175 0.03993070015865421
1176 0.03733024680578161
1177 0.1047895705476738
1178 0.06139566213267397
1179 0.049805520711118094
1180 0.05479723329055467
1181 0.03333099764099981
1182 0.06511141406789747
1183 0.06323493099241806
1184 0.07208399296955385
1185 0.053652082279239205
1186 0.04587741067423983
1187 0.04284158421590119
1188 0.03932792009909375
1189 0.037833277851497066
1190 0.042757692135610995
1191 0.04490988990551634
1192 0.04674864258466956
1193 0.046987331221870536
1194 0.09952383650788392
1195 0.10668289659294067
1196 0.12347127703972076
1197 0.03876508984663259
1198 0.03374654651351355
1199 0.033041707809042954
1200 0.03504389823111181
1201 0.02434696220056578
1202 0.04450777046558804
1203 0.0638735171629051
1204 0.08935421422384955
1205 0.025589138942444682
1206 0.04005435222108248
1207 0.05038696779773809
1208 0.059153028813404604
1209 0.051507859753917966
1210 0.04378862308698553
1211 0.04718791779901815
1212 0.04952288227289016
1213 0.05917955000503964
1214 0.047547742090476186
1215 0.04859693546757028
1216 0.04947515570636242
1217 0.039182089168268014
1218 0.036049373871595694
1219 0.03736647616387598
1220 0.0384490738056791
1221 0.04967732736939499
1222 0.06890572195432051
1223 0.07555133485775546
1224 0.07759413547311349
1225 0.06847952102513104
1226 0.06671129965332181
1227 0.06105586410105974
1228 0.053234716772105506
1229 0.023181835458865024
1230 0.02462234351863901
1231 0.026296693992238274
1232 0.027748667871572246
1233 0.10496033422969091
1234 0.1452675432615337
1235 0.14838519563375854
1236 0.1526405210735
1237 0.03697688933597261
1238 0.05519036350047772
1239 0.05831495416984139
1240 0.061396801470239244
1241 0.062008997657808276
1242 0.06081907535764168
1243 0.06213736118537887
1244 0.06023016482240099
1245 0.04489882972674725
1246 0.03485502139214265
1247 0.035470148919747944
1248 0.03976086229194227
1249 0.03151663510732548
1250 0.0421384747243307
1251 0.03979371512616011
1252 0.03434768888388528
1253 0.058263301477598395
1254 0.032044405535011644
1255 0.03582270053308648
1256 0.03934377703232827
1257 0.07992455947949419
1258 0.058252142801478106
1259 0.04947120012801698
1260 0.045303824047355896
1261 0.07794254291042213
1262 0.08947259704999001
1263 0.09077661457708318
1264 0.0849326243652924
1265 0.07206224635723162
1266 0.06375235781112377
1267 0.059666784228858696
1268 0.056120532832906606
1269 0.03494402612157247
1270 0.07852516393850908
1271 0.09370227104588678
1272 0.09865704865929657
1273 0.04647007325481713
1274 0.02707956033856964
1275 0.03177474680837392
1276 0.03695369659846111
1277 0.03787386022401844
1278 0.05126091577788185
1279 0.05642359288100314
1280 0.06179704343421777
1281 0.06375975135033614
1282 0.0799800903243127
1283 0.08047629732570806
1284 0.08232835460833325
1285 0.04466077998026114
1286 0.07420078309200602
1287 0.09245935534654827
1288 0.10183382189523817
1289 0.04833851259972758
1290 0.03363384156587412
1291 0.03126158415858258
1292 0.03568178092940463
1293 0.04508849440429105
1294 0.10356952150148266
1295 0.1112498714024211
1296 0.12445271625039225
1297 0.05316809755262914
1298 0.04099818313483978
1299 0.06566022493914661
1300 0.09289458595281157
1301 0.17623591498411809
1302 0.17349459148461224
1303 0.15982659527400858
1304 0.13455812236032746
1305 0.067855275265134
1306 0.06271329434382672
1307 0.059674968265815455
1308 0.05528422578162974
1309 0.11579641125315909
1310 0.17897714230334177
1311 0.18699776320111478
1312 0.1885111161311238
1313 0.10517655932316759
1314 0.03149416733567604
1315 0.036233035290919154
1316 0.06260743661950459
1317 0.16526835277800092
1318 0.16956895610235354
1319 0.1478274102646953
1320 0.11857943034759692
1321 0.03300126704984263
1322 0.028620690192068986
1323 0.02910357523970513
1324 0.029868392082631697
1325 0.04866469971413832
1326 0.07540950814834815
1327 0.07868893911372579
1328 0.07692448378372473
1329 0.2034426019894897
1330 0.15242785337556453
1331 0.1233079539271723
1332 0.10021369384758401
1333 0.029965145774414767
1334 0.03901356146761067
1335 0.04292343140285506
1336 0.04705814863277047
1337 0.04135488039805877
1338 0.04408904063409284
1339 0.05344146653909781
1340 0.060195445671763395
1341 0.045866990126688496
1342 0.05193917324113529
1343 0.05584737970523387
1344 0.05659142854300443
1345 0.0889451217655436
1346 0.09200783160096536
1347 0.07891180788433741
1348 0.07053797464273552
1349 0.06762147870097698
1350 0.0665778663053103
1351 0.06051813295571125
1352 0.05233084334047246
1353 0.039812817653497284
1354 0.03910889632655804
1355 0.04277377375273482
1356 0.047596566955568444
1357 0.0294323537186417
1358 0.04523605150094957
1359 0.05199890569305171
1360 0.05593826240867975
1361 0.06312010171084118
1362 0.04297026603718948
1363 0.039647743943658074
1364 0.047211107373490484
1365 0.06941316058493091
1366 0.05814800162787728
1367 0.05856074460289357
1368 0.05523320542253346
1369 0.04611744544551986
1370 0.04125855767128647
1371 0.045163953467856136
1372 0.04782599320392752
1373 0.04458849365163767
1374 0.06404045895848733
1375 0.0748141478455034
1376 0.07723757649259427
1377 0.03262171234452355
1378 0.05628382884156743
1379 0.0722093864745053
1380 0.07930619884658434
1381 0.1523518623057428
1382 0.15277323883782035
1383 0.1454163037635425
1384 0.13287656659150973
1385 0.035536597415749556
1386 0.06678927870185467
1387 0.07832221470524026
1388 0.08423112183534051
1389 0.11788570887262917
1390 0.07039440424775356
1391 0.06461934021159044
1392 0.052655520744761916
1393 0.02725889832384447
1394 0.03702005122359257
1395 0.04181255302326961
1396 0.04639548523637742
1397 0.040298368413903884
1398 0.03221183737685105
1399 0.030994753591746985
1400 0.03141318216853233
1401 0.03931764041866726
1402 0.07032109051231207
1403 0.07294008578817338
1404 0.07357053356291121
1405 0.0570089991476935
1406 0.029284666382976738
1407 0.03511315525526151
1408 0.05031211722667525
1409 0.029087174729008968
1410 0.09055879228564621
1411 0.11297221006378029
1412 0.13543227165339752
1413 0.0388104268571588
1414 0.05340861495294201
1415 0.07261405133146241
1416 0.10305531870867585
1417 0.10873577705089477
1418 0.04872174459690122
1419 0.03571397283558692
1420 0.03668415782663953
1421 0.038612939389374025
1422 0.03659311789981376
1423 0.0513086668996192
1424 0.06174930515967649
1425 0.057203919830403516
1426 0.05639053522945388
1427 0.056286017966693816
1428 0.06013574450249199
1429 0.045313666021400696
1430 0.05317920035621933
1431 0.05306199303722081
1432 0.05395607669293896
1433 0.04026095676096155
1434 0.04883511065069968
1435 0.05219828053947097
1436 0.05716236120757173
1437 0.030836169731911285
1438 0.03198133996868871
1439 0.031433352500564546
1440 0.03025153651802349
1441 0.022179745340929174
1442 0.02681254100420568
1443 0.02896085725695903
1444 0.031528947031766966
1445 0.07272644299532569
1446 0.11450699626368877
1447 0.09969109428381363
1448 0.09180560941722989
1449 0.05114067602396976
1450 0.0346441677734752
1451 0.03322523778154108
1452 0.03802489495363314
1453 0.04639291445220609
1454 0.026548830970139898
1455 0.028605087242953887
1456 0.03446855585454898
1457 0.036507056393155234
1458 0.043601267959257374
1459 0.04949541464328247
1460 0.056503918996288566
1461 0.07894024079700901
1462 0.07374361682614086
1463 0.06971437671449532
1464 0.0645505513891428
1465 0.04246593836091052
1466 0.0433942827314033
1467 0.046789127080607035
1468 0.04837872565512589
1469 0.040643926344915676
1470 0.034625693306126165
1471 0.03716344505273815
1472 0.04178186797009365
1473 0.036279849185718846
1474 0.024714129849088974
1475 0.023929232107019312
1476 0.025212323044247115
1477 0.05474815317260505
1478 0.05686964365528576
1479 0.05792304175564908
1480 0.05773340016246422
1481 0.04263787346234877
1482 0.10690325450083958
1483 0.11936808500285778
1484 0.13366203403719407
1485 0.06702582121382417
1486 0.03679946446168469
1487 0.030985174101852093
1488 0.031134285222852297
1489 0.055989159589561244
1490 0.025841184444897653
1491 0.023848533602854514
1492 0.025826898477859236
1493 0.08314130433462681
1494 0.058575862139430085
1495 0.06153162662985485
1496 0.06933745023853813
1497 0.05883753022762527
1498 0.03997054747680703
1499 0.032055409187235005
1500 0.027460241853423845
1501 0.10054681474172299
1502 0.11349522789722712
1503 0.11531224391604411
1504 0.10822631706394037
1505 0.02728106637269375
1506 0.032142658651673324
1507 0.03896995438680758
1508 0.04804859156976466
1509 0.03814822896803127
1510 0.03932333684216954
1511 0.04102177094427487
1512 0.04193171359329816
1513 0.05185829219518047
1514 0.03681372477551726
1515 0.030454894812732638
1516 0.037037411188196354
1517 0.05677396816742742
1518 0.045298727541648924
1519 0.04395386399326267
1520 0.04320082697449098
1521 0.02810202940304732
1522 0.028479184250994872
1523 0.030576226324012183
1524 0.03301214048526775
1525 0.03339925552583599
1526 0.07617244944822615
1527 0.0927962059147334
1528 0.10274803212241805
1529 0.05991691235145937
1530 0.03421219865239631
1531 0.033221895822008664
1532 0.03255880977050501
1533 0.05148781385116709
1534 0.053613171818034634
1535 0.054127225674189386
1536 0.05865587046300178
1537 0.07126786915392752
1538 0.08513333163145773
1539 0.09840553918555672
1540 0.10525259645105231
1541 0.07761300556039628
1542 0.03452075122370892
1543 0.03254199705393629
1544 0.033485956554250976
1545 0.038297000581849226
1546 0.03583446307193742
1547 0.035826537185160594
1548 0.03541359257622543
1549 0.04237343070614727
1550 0.041980235449436826
1551 0.041573659403263165
1552 0.041571769768736645
1553 0.046967388550960255
1554 0.06780539468856546
1555 0.07867229810106728
1556 0.08688318427916211
1557 0.05289996457996964
1558 0.03683654011827605
1559 0.03332130096001633
1560 0.029636954389729266
1561 0.02207105578583879
1562 0.023495724956849116
1563 0.02545368230625285
1564 0.02770693085801483
1565 0.024538079692019602
1566 0.027693504879505594
1567 0.028241983864705406
1568 0.028228393917740784
1569 0.05784375921507664
1570 0.06263313097604678
1571 0.06525700821271718
1572 0.0700839992002888
1573 0.07770109453567264
1574 0.06278613286174463
1575 0.06017689014149552
1576 0.05452902909816383
1577 0.03912458871941431
1578 0.04372395016818186
1579 0.04536252566207647
1580 0.04574368852092645
1581 0.0455706556708915
1582 0.04841265513810414
1583 0.04923289201239997
1584 0.04917805228469407
1585 0.09093153708103817
1586 0.08359033503011415
1587 0.07896186472777295
1588 0.07234275165631107
1589 0.03888236866011713
1590 0.027823245129970288
1591 0.027820441376438906
1592 0.027552644909425526
1593 0.04257171503601031
1594 0.06841950427600459
1595 0.07581562382776481
1596 0.08025277507090939
1597 0.12687071927299215
1598 0.11586502639825849
1599 0.10720970675513734
1600 0.09911351894467439
1601 0.043180498150821076
1602 0.04036822592101839
1603 0.03886715485995463
1604 0.03579414006747762
1605 0.03244899249309178
1606 0.03558905645171885
1607 0.035848751669495
1608 0.03657902354297104
1609 0.04437285758549123
1610 0.04212115082265672
1611 0.04165908578729721
1612 0.041070578880251535
1613 0.039844563445733915
1614 0.050265605872821105
1615 0.052210440710770765
1616 0.056072775497604664
1617 0.03893361387911621
1618 0.03528759317981814
1619 0.041955791193747115
1620 0.04784130020579473
1621 0.05195007210507432
1622 0.08629778428809816
1623 0.09732838461328353
1624 0.09892967731680255
1625 0.09668742915210442
1626 0.07693603684113659
1627 0.06852077011756474
1628 0.05971342338248376
1629 0.039844875484084816
1630 0.04605457859313559
1631 0.04734849387282739
1632 0.04893019132222962
1633 0.03310555123463757
1634 0.02879433231545357
1635 0.0333533291931976
1636 0.038640891338178704
1637 0.03025267011448259
1638 0.02826704355255661
1639 0.030004229917675825
1640 0.035986059236738685
1641 0.051247030833255776
1642 0.061112576715275556
1643 0.0641190072525355
1644 0.06329799010749702
1645 0.046531218441718696
1646 0.05284095329626232
1647 0.05541097021731188
1648 0.0579184308211827
1649 0.07068534006649739
1650 0.06976740213522337
1651 0.06275937390638961
1652 0.055259906885963356
1653 0.07101476226684553
1654 0.10604995627710034
1655 0.1079343030220376
1656 0.10370593292361241
1657 0.037878754279743646
1658 0.05557615282777225
1659 0.06167636717932442
1660 0.06507295252474198
1661 0.07157053814745483
1662 0.05690477433221217
1663 0.052944828021472795
1664 0.04896872117998005
1665 0.0315742468890448
1666 0.04545930835630516
1667 0.05230032417467
1668 0.05669524934707254
1669 0.047459235144026564
1670 0.024450722651675912
1671 0.02935755814801104
1672 0.04169459254156482
1673 0.041894461538042375
1674 0.09108470555740583
1675 0.09372118054968731
1676 0.09635813830929137
1677 0.05624363765912282
1678 0.034670219507260305
1679 0.04103143566985393
1680 0.046458107540233495
1681 0.04263133702275222
1682 0.11056902607530918
1683 0.12005730244639236
1684 0.1259336146645909
1685 0.12607297659714167
1686 0.029241275115477878
1687 0.03822528012622051
1688 0.07533215824916356
1689 0.10195793049275603
1690 0.0663941648657538
1691 0.05411721464595498
1692 0.047135427149623065
1693 0.031279230560520135
1694 0.07110860247807195
1695 0.08477456004066664
1696 0.09671719036368136
1697 0.03882801168466364
1698 0.04541782133751195
1699 0.04493260411661996
1700 0.044318846670965716
1701 0.03508648730774486
1702 0.04135156855559256
1703 0.047230719870851895
1704 0.05992329513364501
1705 0.06152485805433918
1706 0.06051154882169033
1707 0.061213866094594685
1708 0.057891179087938664
1709 0.04487864991374623
1710 0.05718833373599198
1711 0.057203782419773135
1712 0.05650297616311765
1713 0.03601288591499177
1714 0.0387462152768549
1715 0.04017580700157241
1716 0.04325144460560976
1717 0.05314988650389552
1718 0.05894069477573369
1719 0.057945699612572774
1720 0.054822166599180044
1721 0.041955112623929855
1722 0.04340698067175491
1723 0.040359494897740905
1724 0.03811826781054331
1725 0.03292661671780744
1726 0.03676962010833059
1727 0.036430481538975844
1728 0.036534731008378764
1729 0.03256943547859958
1730 0.029894058659615152
1731 0.03008010890839384
1732 0.02912232377541257
1733 0.03087565433177993
1734 0.030459734228423605
1735 0.03165104877966029
1736 0.03411996129654976
1737 0.04889489690576364
1738 0.05443233608478826
1739 0.05944762014084914
1740 0.06297099878029885
1741 0.0818157439757383
1742 0.07072440657793576
1743 0.07045171662390914
1744 0.06634935316876824
1745 0.05933917475543077
1746 0.04635829783578924
1747 0.04068005160750136
1748 0.035242646858905866
1749 0.06046555130171324
1750 0.062166907544953375
1751 0.06145885454732064
1752 0.05922917292105055
1753 0.09451370903434365
1754 0.10546386285532579
1755 0.10230396652730553
1756 0.09375968992212878
1757 0.08887159237738844
1758 0.058542781403492075
1759 0.04988293160380235
1760 0.03999548880116147
1761 0.04531888565996983
1762 0.03620671146427601
1763 0.0452974433437857
1764 0.05611794823059426
1765 0.032282168760521666
1766 0.0410132836066953
1767 0.04126172613380226
1768 0.042267870180895215
1769 0.06957293753049426
1770 0.08176099221483273
1771 0.08544936963444061
1772 0.08991065493760231
1773 0.057802456733037744
1774 0.04384287830142586
1775 0.03759174358092673
1776 0.033768438308289135
1777 0.06959308493558133
1778 0.08495785286846771
1779 0.07359319946551138
1780 0.06561291344727502
1781 0.02854245066938076
1782 0.044968169437546376
1783 0.04985074119984067
1784 0.05783941731736616
1785 0.07373017194147002
1786 0.07805291357124601
1787 0.08432115199392205
1788 0.08448595295649404
1789 0.0949153468235042
1790 0.06512603786192125
1791 0.0544235542714971
1792 0.04024145884986932
1793 0.06236663322039519
1794 0.07873071117662418
1795 0.08482373325449383
1796 0.0912466094865488
1797 0.06757258314238673
1798 0.05280993444263728
1799 0.04357210455361849
1800 0.036086242329056585
1801 0.037223498941250176
1802 0.04221262673484253
1803 0.04353137475279101
1804 0.045562017457140905
1805 0.06763634448834122
1806 0.058564622280624624
1807 0.05349439539111246
1808 0.04620652609288394
1809 0.042226276910505935
1810 0.05965919856447413
1811 0.06159877748079159
1812 0.06345108549613843
1813 0.08129773584700184
1814 0.0631097743099602
1815 0.07492163582806304
1816 0.0827249527018898
1817 0.07811460358299248
1818 0.06896189419329862
1819 0.06591814969094646
1820 0.06276960376160086
1821 0.052128678220615295
1822 0.059502170542560656
1823 0.058960293235119005
1824 0.05796705647977102
1825 0.05901673308550805
1826 0.054144171847655936
1827 0.04665750988861229
1828 0.040093089280376006
1829 0.08758468413864605
1830 0.12466196213518355
1831 0.1323993236591359
1832 0.13238807314886258
1833 0.11162384044844277
1834 0.10008273661964709
1835 0.0908602227589822
1836 0.08118055433689725
1837 0.08971136250020598
1838 0.12026462564196554
1839 0.1276735247790938
1840 0.13429715197198341
1841 0.11687912970659595
1842 0.07831045693754186
1843 0.05864239017394257
1844 0.038436777181264176
1845 0.13657518378943187
1846 0.18129386280002863
1847 0.1812203961535502
1848 0.17213792565673472
1849 0.15910613572487925
1850 0.12272474277013833
1851 0.10071032995829049
1852 0.07935693589132506
1853 0.033542390440263956
1854 0.09689175753447372
1855 0.11360995891979915
1856 0.12259375005840774
1857 0.15576503279726253
1858 0.1258978922369611
1859 0.11273187187746776
1860 0.0989472574141874
1861 0.029422170161582318
1862 0.05951091786264774
1863 0.07029012804279951
1864 0.0798620911649048
1865 0.08558889547828544
1866 0.077189806359845
1867 0.06782590863658394
1868 0.05980211529190177
1869 0.0407376050429679
1870 0.06329939227854324
1871 0.06699068446607724
1872 0.06941159020281386
1873 0.10548484691559556
1874 0.13919313347423456
1875 0.13041965375656067
1876 0.12660761920422448
1877 0.05645365787787914
1878 0.07684049577224479
1879 0.08053797820728487
1880 0.08266839046808873
1881 0.06935985975496606
1882 0.03660966778366434
1883 0.038965318007782405
1884 0.049969898028823186
1885 0.03141881458732169
1886 0.033380710307844924
1887 0.033992041482085594
1888 0.03296970350020922
1889 0.06999776418566439
1890 0.06738250115528038
1891 0.0657062784704028
1892 0.061380618757875316
1893 0.03388634387670458
1894 0.0469672992460078
1895 0.053418613674458854
1896 0.05695183875499153
1897 0.08563483799010256
1898 0.06165108260157813
1899 0.057540663377907156
1900 0.04953022999008452
1901 0.04040644815897308
1902 0.02735419292455291
1903 0.026461840243713675
1904 0.02822260564817149
1905 0.04602178770495598
1906 0.07772816132685526
1907 0.08046480442798241
1908 0.0837003467013808
1909 0.08980470318268273
1910 0.13125749493420424
1911 0.13492618987038332
1912 0.13312275107860871
1913 0.10967150237170016
1914 0.08703197699341073
1915 0.08400459498141938
1916 0.0757923530981019
1917 0.04982519714586364
1918 0.08655182780924775
1919 0.09367067238988362
1920 0.0933629804246228
1921 0.06166740643661335
1922 0.05072565705226941
1923 0.057145640520508786
1924 0.06406427808559606
1925 0.09123012917061363
1926 0.09761040029184005
1927 0.10027616235594324
1928 0.10040541311058224
1929 0.06488268065805741
1930 0.06530620476254666
1931 0.06577984549769939
1932 0.06446763704111702
1933 0.07159081142757605
1934 0.06494552927549123
1935 0.0553727953399294
1936 0.04345820438013834
1937 0.04277667118892225
1938 0.0690779238020479
1939 0.06884091825764244
1940 0.07480413212067093
1941 0.04203258170660088
1942 0.040361702029546996
1943 0.03911085401417687
1944 0.03878616715661706
1945 0.059493008515022615
1946 0.07228798657211831
1947 0.07425533755898678
1948 0.07366590445687615
1949 0.07251103842497295
1950 0.07233409464377244
1951 0.0726805669389856
1952 0.07120879318877958
1953 0.0843715715264093
1954 0.09200301024579323
1955 0.09041704413961783
1956 0.08667447845537678
1957 0.047434323706861244
1958 0.028134539818496767
1959 0.029892149842576845
1960 0.0313886856143892
1961 0.05565958606623672
1962 0.0686513325607256
1963 0.0705101299728379
1964 0.07302074000831231
1965 0.06247532196305936
1966 0.0564303374155662
1967 0.05537233990665366
1968 0.05136638918521863
1969 0.07320362252846693
1970 0.07154678873918649
1971 0.06948715371685281
1972 0.06472313559669089
1973 0.06719016876531804
1974 0.0873196129922253
1975 0.09214398632471577
1976 0.09460699565803934
1977 0.08823354818066957
1978 0.06549414827744664
1979 0.05738936091716759
1980 0.050922816265621965
1981 0.06269032247368823
1982 0.055943468062011927
1983 0.051514242082185774
1984 0.045312088066174844
1985 0.049026152315653986
1986 0.06886909717987
1987 0.07309751382750729
1988 0.07593153388650369
1989 0.08634159444940727
1990 0.08535527376322205
1991 0.0818247206433285
1992 0.08146997583797987
1993 0.05741169150536407
1994 0.05048454018120829
1995 0.047707233603501195
1996 0.04816345009906622
1997 0.042089476617243105
1998 0.032387599030562556
1999 0.03099578280554001
2000 0.03178896084489395
2001 0.03299735968163137
2002 0.054521848496050525
2003 0.057157134852327034
2004 0.05843603267443745
2005 0.05337328090426536
2006 0.07850446389117009
2007 0.0782798902516989
2008 0.07869207901468746
2009 0.05758712738868422
2010 0.0626132683674644
2011 0.06100838814257212
2012 0.05843032650915132
2013 0.07942158909821444
2014 0.092024538868233
2015 0.08981917051942544
2016 0.08768468060321596
2017 0.037332042882897556
2018 0.03740397706975307
2019 0.039764007497229435
2020 0.04067560696832761
2021 0.04302162908281166
2022 0.04779754671263315
2023 0.04888422557082408
2024 0.04766584123500411
2025 0.08076634926364366
2026 0.09372360198463305
2027 0.08887924893273177
2028 0.08067532421547174
2029 0.031791482565072055
2030 0.05677549510964718
2031 0.0629720578060633
2032 0.06932277326393127
2033 0.04286992193017892
2034 0.027615112651802103
2035 0.028667499915580145
2036 0.02891986238332833
2037 0.04747568092476427
2038 0.04844453092120139
2039 0.04940193524303136
2040 0.04905428155388402
2041 0.07939860202826096
2042 0.07157642824313186
2043 0.06385152429134378
2044 0.06083256279140768
2045 0.068027952915394
2046 0.05663233187306254
2047 0.05935999866389522
2048 0.05529139068349651
2049 0.053462981136431
2050 0.043712617958400424
2051 0.0466795020313957
2052 0.04923141947646578
2053 0.042669297690091666
2054 0.034995458694546906
2055 0.03978191389975535
2056 0.045839751671969256
2057 0.050434242001292484
2058 0.08505837080287124
2059 0.0927555075865865
2060 0.10007800223981476
2061 0.06931507722933115
2062 0.07679028256738209
2063 0.07774046741405155
2064 0.07941365445671753
2065 0.05834874783732293
2066 0.08895883596482701
2067 0.10165310397425603
2068 0.11163104490687034
2069 0.06929118894261196
2070 0.0631714497456088
2071 0.06546426627294497
2072 0.06697545178300046
2073 0.07580556708927716
2074 0.0789565482918921
2075 0.07900466329295229
2076 0.07882277792152186
2077 0.07334790711740272
2078 0.073421072197775
2079 0.0714575682746165
2080 0.0711745980769509
2081 0.06593313101810738
2082 0.08632969057726275
2083 0.10135427457682865
2084 0.11293305848148848
2085 0.10750930566933393
2086 0.09056167252072336
2087 0.08594338026821005
2088 0.08106287942371432
2089 0.048932241103677394
2090 0.030679500564370007
2091 0.03118605195257082
2092 0.030756925573464308
2093 0.034144420784819066
2094 0.03391924834060206
2095 0.03253418934870287
2096 0.03197432314088797
2097 0.05617197416382954
2098 0.06908026621086792
2099 0.07007366973458314
2100 0.07220890582310027
2101 0.07850025605679792
2102 0.08211031421883855
2103 0.08308409111947022
2104 0.08571438086200046
2105 0.06493493452720536
2106 0.05265074669765669
2107 0.04855027737374064
2108 0.04561672826328298
2109 0.035592272273474765
2110 0.03751743964173666
2111 0.03650083018516515
2112 0.03698841189167928
2113 0.09359414520053877
2114 0.10879675960798428
2115 0.11375126482020319
2116 0.11696215566598257
2117 0.11609949680213567
2118 0.10291130438352114
2119 0.10109108474337866
2120 0.0976055473038341
2121 0.050704033010961304
2122 0.05472087350083099
2123 0.05798093485769798
2124 0.06037197416841453
2125 0.0617689937699444
2126 0.05751272555042135
2127 0.05617724058463106
2128 0.05380764938687153
2129 0.05856447288073492
2130 0.0705058326395342
2131 0.07173001950821602
2132 0.07092686962050272
2133 0.07296521796724156
2134 0.05785060166952917
2135 0.057765546531340924
2136 0.056537166123405834
2137 0.0578285633816184
2138 0.05325448882471082
2139 0.054301859739206204
2140 0.0538890680013517
2141 0.08646032066226846
2142 0.09921031077074308
2143 0.09922091147073313
2144 0.09742532701604631
2145 0.08199687337839735
2146 0.09683331876020466
2147 0.09746455446633559
2148 0.09592747047739045
2149 0.0428762859090908
2150 0.052755113276259764
2151 0.055116093682148676
2152 0.05615935236775611
2153 0.06984033737495848
2154 0.07178605683355478
2155 0.07158824695899232
2156 0.0720808820726532
2157 0.05649067413761534
2158 0.02950677262219288
2159 0.022931365152519066
2160 0.023456852499965625
2161 0.02708354318172866
2162 0.028433570681450734
2163 0.029884693583418397
2164 0.03157902481116621
2165 0.025903918670369088
2166 0.044433542962612003
2167 0.05058617158812758
2168 0.056471825705406806
2169 0.07461037909902134
2170 0.07751734282668647
2171 0.07968294660645212
2172 0.08013939282788507
2173 0.06060721068582946
2174 0.030165284871818344
2175 0.028115466618891204
2176 0.026296909585272928
2177 0.046888874462643
2178 0.05822667554081936
2179 0.05903347523268563
2180 0.05945375625756336
2181 0.08263540976117421
2182 0.10610806280784447
2183 0.10127666338355125
2184 0.09492014660456263
2185 0.06129541856471757
2186 0.05876704918499343
2187 0.05868375535144018
2188 0.0579694144989643
2189 0.06840190836298903
2190 0.06794322629123825
2191 0.06891936582011683
2192 0.06853188929316971
2193 0.05662172443438232
2194 0.03789923048083421
2195 0.04190420913902173
2196 0.04490017650993593
2197 0.07134659787307036
2198 0.10312487532890513
2199 0.10508808951993755
2200 0.10550283930504024
2201 0.06353994908023315
2202 0.07418742727847877
2203 0.07267502838335331
2204 0.07024708944439219
2205 0.0548723419981496
2206 0.04200386302234203
2207 0.038260861488311725
2208 0.03412336499903996
2209 0.04347938772700274
2210 0.042583896409480376
2211 0.042482291763585464
2212 0.04382659274859013
2213 0.058966668076022785
2214 0.03376108174650753
2215 0.029759959763956175
2216 0.030162657583734636
2217 0.07096067745345777
2218 0.0790384465750011
2219 0.07678844108756139
2220 0.07371696464721184
2221 0.0689692651627529
2222 0.06856148134982105
2223 0.0670298544513036
2224 0.06606773083772113
2225 0.07319585370303772
2226 0.07118926281446357
2227 0.0730312927041789
2228 0.07201422523061793
2229 0.06844033646989207
2230 0.04944877297837341
2231 0.04533434343515549
2232 0.043070428223457524
2233 0.04726520243542057
2234 0.06924072990258438
2235 0.07125439493412242
2236 0.07644691512920915
2237 0.07102997655883422
2238 0.08922881664212413
2239 0.09654902160457894
2240 0.10130530001446801
2241 0.06443705910074596
2242 0.05695397473535976
2243 0.05604986613153675
2244 0.05452818886012839
2245 0.059073944824802514
2246 0.06594373464594008
2247 0.06532655636798532
2248 0.06354116312932431
2249 0.06287647486668889
2250 0.046866121032683596
2251 0.043659832019783046
2252 0.04184866304297959
2253 0.02591272152008967
2254 0.02623924299049698
2255 0.028661335135213555
2256 0.030911252503273253
2257 0.02457499200142578
2258 0.024370224699013673
2259 0.02587717295257624
2260 0.02645425088621244
2261 0.03457746648037226
2262 0.04425705245887652
2263 0.04757415239727393
2264 0.055506537471203266
2265 0.03992925008972416
2266 0.03473083814333322
2267 0.045667817392190294
2268 0.061161420648009585
2269 0.06690888122313772
2270 0.05877520265975002
2271 0.059067493361225666
2272 0.05531111010652087
2273 0.05733943192876758
2274 0.057924417018582613
2275 0.06517560886347093
2276 0.07008343520718884
2277 0.06398672268048748
2278 0.0707207453699839
2279 0.06999838155122057
2280 0.06607237959219438
2281 0.09861284108983018
2282 0.09691792719116815
2283 0.10459449452908243
2284 0.1100751033178185
2285 0.11871728854805783
2286 0.08237865961189483
2287 0.07225268055461188
2288 0.057363046362957755
2289 0.05611319930738341
2290 0.04868825944240168
2291 0.04931152857184787
2292 0.0462515891947279
2293 0.07061661181215315
2294 0.07598634375223345
2295 0.07317552340290669
2296 0.06611783027348685
2297 0.061049502461781306
2298 0.06300343370370577
2299 0.055948199192954254
2300 0.05428116530093477
2301 0.06554725102008965
2302 0.06231236555889573
2303 0.059715809420141416
2304 0.057173626879268795
2305 0.030054508173898698
2306 0.04589282734442155
2307 0.048963925817522874
2308 0.05618645197083003
2309 0.023288125201935975
2310 0.03014414240267843
2311 0.03544564356933861
2312 0.04261401433868789
2313 0.0474043165214496
2314 0.04286593620523378
2315 0.04929522692636878
2316 0.05339372849989622
2317 0.048312069355844846
2318 0.03978971227651051
2319 0.035211267706305914
2320 0.02947963390269505
2321 0.06313320049609737
2322 0.057754586046136355
2323 0.055307488398370123
2324 0.06290019729219481
2325 0.041654125273686594
2326 0.03186008326809467
2327 0.02875537998795902
2328 0.030649276420427193
2329 0.04297900777480788
2330 0.0564003524582462
2331 0.05824868786368716
2332 0.06191743465639675
2333 0.03888767937355962
2334 0.04080778164752184
2335 0.03756825438319781
2336 0.03867289432629017
2337 0.047860449094262576
2338 0.06550976677095095
2339 0.06607815067428946
2340 0.07058403974751042
2341 0.07746930389313131
2342 0.08863318451503815
2343 0.09012179204049689
2344 0.09175044002263591
2345 0.07658703718106348
2346 0.08960325361483093
2347 0.08772594364491981
2348 0.08967306614249872
2349 0.03570394250708868
2350 0.03338262856538407
2351 0.03267466750161669
2352 0.03157042039928364
2353 0.0401463951945211
2354 0.06609924675287868
2355 0.07514071295667056
2356 0.08477054974059367
2357 0.09212373804361931
2358 0.07924515775831975
2359 0.07744717784609423
2360 0.08354788359349401
2361 0.1001111651869761
2362 0.10987859563482369
2363 0.11321314749611981
2364 0.11756140385268488
2365 0.06276696169971167
2366 0.057309775154601166
2367 0.0658496065530013
2368 0.07618339279929726
2369 0.09191212815392902
2370 0.04681604433209953
2371 0.041180775045709404
2372 0.03825875801899062
2373 0.10983671675592376
2374 0.1273296396282727
2375 0.12880028625673842
2376 0.12289136504508606
2377 0.15182795382586298
2378 0.15246030551894407
2379 0.1431418711553247
2380 0.13263476323360932
2381 0.06516748710617713
2382 0.07201311419376456
2383 0.07551390135513436
2384 0.07673848254766685
2385 0.11533237787477299
2386 0.09346042390415611
2387 0.08174974994515027
2388 0.06662600515602399
2389 0.02996492681012122
2390 0.04270307816384593
2391 0.04958854280686737
2392 0.05626981419654431
2393 0.07788962473737278
2394 0.10037223232202258
2395 0.09921747151601028
2396 0.09544059979950521
2397 0.08466752509441194
2398 0.06022901503963587
2399 0.05661353829567416
2400 0.05940946083367988
2401 0.11334034912671567
2402 0.13998067760063906
2403 0.13383818670377431
2404 0.12708346600980158
2405 0.05469958383156456
2406 0.05017642203635063
2407 0.049820395449020706
2408 0.04586683409485269
2409 0.03682089451103782
2410 0.029770753699087802
2411 0.037597076113936256
2412 0.04382943550635849
2413 0.03498103290878678
2414 0.027336550603247474
2415 0.027131870463427025
2416 0.03164901330445636
2417 0.06892139202330538
2418 0.06086347021444532
2419 0.05483838179906162
2420 0.05240412621229654
2421 0.026894694053244485
2422 0.024147315212836272
2423 0.024097754068830704
2424 0.028825451131250707
2425 0.04260617855562126
2426 0.04615978531935615
2427 0.04668215968377428
2428 0.0448118085898664
2429 0.046223272295698975
2430 0.040553387317286665
2431 0.040549319263093804
2432 0.0390668321464798
2433 0.04378907784386949
2434 0.0501601921802624
2435 0.05027105033620053
2436 0.05331865616620152
2437 0.07273209327166016
2438 0.08813644539722743
2439 0.08604187612449142
2440 0.08329817296724458
2441 0.08324773837125486
2442 0.09611901580406514
2443 0.10026451214566867
2444 0.10007365869901806
2445 0.05027625562633317
2446 0.05032518228048843
2447 0.05084323658335806
2448 0.0525501069649676
2449 0.03990717160849349
2450 0.033523800754530576
2451 0.032912302636195656
2452 0.031967121385728214
2453 0.06545261204345765
2454 0.10517762816878448
2455 0.10695178086356792
2456 0.10839236509373829
2457 0.07710820850536831
2458 0.06111811004945122
2459 0.05902126249318274
2460 0.056437467533381386
2461 0.06410943045044735
2462 0.05943803920649017
2463 0.05652750442704148
2464 0.05284138119531036
2465 0.06324255989392139
2466 0.07521378846269976
2467 0.06809820890906301
2468 0.06355102097154713
2469 0.03483210722091307
2470 0.031216313388674873
2471 0.03113342770737586
2472 0.030288452021976543
2473 0.03029308637499197
2474 0.04885710805310445
2475 0.048617086870262546
2476 0.048899304320534014
2477 0.06049457713467587
2478 0.05381218750386499
2479 0.054267850490329686
2480 0.0513464586826008
2481 0.07407393720987225
2482 0.0908751392280415
2483 0.08999694675882935
2484 0.08918343218393607
2485 0.05776304072508928
2486 0.046538625072104635
2487 0.050466407289842606
2488 0.06248662023003495
2489 0.07062155017672252
2490 0.06127606445715589
2491 0.05311651839990691
2492 0.044194769191509636
2493 0.0459542194794011
2494 0.07291135040481149
2495 0.08489068898354815
2496 0.0933745343934768
2497 0.07389291185443464
2498 0.043963857908539135
2499 0.04246952685740276
2500 0.03979181560715811
2501 0.04549339819869343
2502 0.03951083052503612
2503 0.044922921063739386
2504 0.048571063940807985
2505 0.040784441933144136
2506 0.05593359246847913
2507 0.056801412632546365
2508 0.057738052229170195
2509 0.06631464756168805
2510 0.0538061603256724
2511 0.04822137877173031
2512 0.04207170182652068
2513 0.04957250298975694
2514 0.063929537047432
2515 0.06762792612975374
2516 0.07007058906168774
2517 0.09246206035225364
2518 0.10197737321321677
2519 0.09679445492734483
2520 0.09253598445888486
2521 0.08114606382333654
2522 0.07543022339121651
2523 0.07279433365253024
2524 0.07202565421327789
2525 0.057932060743783695
2526 0.05795801566510357
2527 0.05793934909590572
2528 0.06046836230801422
2529 0.052245094434534615
2530 0.049529739082440044
2531 0.05671858555909047
2532 0.05664614735511527
2533 0.0804846773278221
2534 0.0859050849777587
2535 0.08087353271473662
2536 0.07501599995478292
2537 0.04295807119778382
2538 0.04428284457412047
2539 0.04287189103451646
2540 0.043523005079353805
2541 0.034640014765721705
2542 0.04383527735117105
2543 0.046137093650809306
2544 0.0513182387000868
2545 0.03612513683626561
2546 0.040286450569687215
2547 0.044493912683077994
2548 0.04984250093710123
2549 0.029291165038979678
2550 0.0455240681775314
2551 0.052135228485487406
2552 0.055927813034163054
2553 0.07819848731401777
2554 0.06662494045815535
2555 0.07765747010633062
2556 0.08576391044269233
2557 0.06867015369817514
2558 0.044699880645983514
2559 0.037851357476887594
2560 0.04059159964915949
2561 0.03228623876558955
2562 0.039300533425349386
2563 0.04997891316673346
2564 0.06521631480431797
2565 0.06722386473465954
2566 0.05659662077159318
2567 0.057077841597616114
2568 0.053899505157848436
2569 0.07210000762801955
2570 0.05275491355419383
2571 0.0485744438468261
2572 0.04403149972943883
2573 0.036765646360834424
2574 0.03827929472385297
2575 0.037920454039248805
2576 0.04395326923333503
2577 0.03588150612405737
2578 0.03829548152212747
2579 0.040487617728496676
2580 0.04208197688616958
2581 0.05227908929659594
2582 0.0408256462172544
2583 0.04216030370246706
2584 0.042744752497918904
2585 0.030578780994620438
2586 0.036925200721476134
2587 0.03919678683226189
2588 0.0392657879129805
2589 0.06027033205496547
2590 0.055042946639244944
2591 0.05336901787832392
2592 0.050924378328488513
2593 0.038198741141251734
2594 0.06348076214396342
2595 0.07918222043685336
2596 0.09231520941483425
2597 0.04896575904847058
2598 0.04538849883489034
2599 0.04486257924566731
2600 0.04536438975003936
2601 0.06760748440789106
2602 0.06847868518513965
2603 0.068286166393752
2604 0.06719425223149138
2605 0.05068724215183732
2606 0.050254201836367314
2607 0.04990595462618376
2608 0.049886512884549226
2609 0.05063272236268576
2610 0.062293246985040816
2611 0.07727726187287777
2612 0.08994145849479658
2613 0.08502603789989129
2614 0.07399153322561194
2615 0.07031462888095238
2616 0.06582247488517676
2617 0.053176033728148005
2618 0.053502781813410547
2619 0.05309316661349657
2620 0.05206557785768193
2621 0.04524530566300041
2622 0.05052042180837309
2623 0.05108405568492655
2624 0.05145874069402044
2625 0.03443980018507841
2626 0.06544397413385337
2627 0.07019364015220429
2628 0.07261571469954423
2629 0.0704683858415546
2630 0.0712169917782136
2631 0.07212553619021013
2632 0.07372619135262591
2633 0.06280446699619333
2634 0.05280282357265068
2635 0.04989212680642472
2636 0.04686193014084135
2637 0.03241554856429841
2638 0.036068052045717
2639 0.03638922765823532
2640 0.03647586992880399
2641 0.06387908366124923
2642 0.07024658271089866
2643 0.07136351454498471
2644 0.07469461631618278
2645 0.10475839898958296
2646 0.09807076016092739
2647 0.09896054326349273
2648 0.09784782513754224
2649 0.068397060785303
2650 0.06696451147671728
2651 0.06606044349551256
2652 0.06483044853822863
2653 0.04079720121076393
2654 0.029072687588434076
2655 0.02928329852836564
2656 0.03301207933948626
2657 0.04623848462007091
2658 0.054448245771903825
2659 0.0554399242195953
2660 0.05577015066507098
2661 0.08666301993607108
2662 0.0890841288944203
2663 0.09058520701814606
2664 0.08924692264639876
2665 0.07021045867485956
2666 0.04756905849271151
2667 0.04619047092165616
2668 0.04534629767539647
2669 0.05217964897511814
2670 0.058358093760553086
2671 0.05798906184233511
2672 0.06085006120828054
2673 0.04424512513520511
2674 0.04514307655268441
2675 0.04677043982594661
2676 0.048665762569983596
2677 0.02237798079955557
2678 0.026367336577987805
2679 0.026282246987848146
2680 0.027674146490260915
2681 0.044085987640917514
2682 0.050946964631477035
2683 0.05002962076616384
2684 0.04917095081299378
2685 0.042177433914145315
2686 0.03592195347141131
2687 0.03390807496871442
2688 0.02975118525921521
2689 0.04781058869215234
2690 0.0560990858167607
2691 0.05537706778677228
2692 0.05436994057058629
2693 0.03574814513095519
2694 0.04258845503034979
2695 0.049789588266250163
2696 0.05544493956347945
2697 0.06231785659840435
2698 0.06166177141690711
2699 0.05824626996113969
2700 0.05206585658091267
2701 0.038674571298640784
2702 0.037372649779907965
2703 0.03299857749164401
2704 0.03439466372527127
2705 0.03672486108889043
2706 0.04274582104924229
2707 0.04503958574822412
2708 0.04672903442352292
2709 0.0799426734652679
2710 0.10294491870271955
2711 0.1020638601127372
2712 0.09898499179574603
2713 0.06204476019286224
2714 0.06575045793605183
2715 0.06872554773332663
2716 0.07037578671802289
2717 0.07780670137006991
2718 0.06560446342538684
2719 0.06210526295393673
2720 0.05726536397429478
2721 0.054810429599181386
2722 0.04409688386432371
2723 0.03986143522319857
2724 0.03476778966085479
2725 0.062355023853898406
2726 0.10332120826509236
2727 0.10810534460310407
2728 0.11070387710493321
2729 0.08251954509055272
2730 0.05645014013794441
2731 0.05156388373217006
2732 0.05194542660661607
2733 0.03496404540766221
2734 0.04501880752859119
2735 0.04921682594601422
2736 0.051480584686453376
2737 0.04995459309328322
2738 0.03553503897651975
2739 0.03742531465578547
2740 0.03798644383733829
2741 0.033779057582246086
2742 0.055546786503478454
2743 0.06341556860604759
2744 0.07052686675185621
2745 0.05182380504453434
2746 0.06223322736687258
2747 0.05936209509745221
2748 0.0565031968600731
2749 0.05198782639390038
2750 0.050594485893686425
2751 0.04914341393183208
2752 0.04793611036972676
2753 0.06113528400299242
2754 0.0812255579572632
2755 0.0830754528272332
2756 0.08213325819130017
2757 0.066290269393296
2758 0.05737791945356823
2759 0.06814944496060138
2760 0.0880421563370954
2761 0.06704358758965696
2762 0.05015754557062712
2763 0.04139383524571078
2764 0.03669884143940139
2765 0.029932851524568236
2766 0.04989473217424
2767 0.0661673975636644
2768 0.08018111996604178
2769 0.05990815701451497
2770 0.03711083203925378
2771 0.03701045212995184
2772 0.03724095990080407
2773 0.03674253615564831
2774 0.03216533947189112
2775 0.03284525667564133
2776 0.03279702701895946
2777 0.03799766264692825
2778 0.02997716403674505
2779 0.03246339343214874
2780 0.03499705110335582
2781 0.034251937585728025
2782 0.043915601888625
2783 0.04676229390729913
2784 0.04914542700616095
2785 0.027483332392093756
2786 0.025552617153428294
2787 0.02725295623911675
2788 0.028867109801006614
2789 0.05314604547643889
2790 0.05378841052405731
2791 0.05559101870238437
2792 0.05125083411290392
2793 0.03455218767887033
2794 0.0327324587130645
2795 0.03654340696860875
2796 0.04048236946019944
2797 0.054289686395012846
2798 0.04110232927373716
2799 0.03884483012436176
2800 0.035241727495847745
2801 0.034534551109486195
2802 0.030264581415873956
2803 0.030171766395203643
2804 0.028963566957187967
2805 0.04778967379690056
2806 0.05352221491799982
2807 0.051600763951220784
2808 0.04640694896630567
2809 0.08277120599857377
2810 0.10927668631912696
2811 0.11628039173865004
2812 0.12251925469030697
2813 0.12614095754193108
2814 0.09880541533060988
2815 0.09094324708464993
2816 0.07802140270283263
2817 0.0833388768440073
2818 0.07715848398292315
2819 0.07267606458373495
2820 0.05849469517809473
2821 0.12587382694529117
2822 0.11864106223089688
2823 0.11268702217080534
2824 0.09737515602514892
2825 0.126609654600525
2826 0.12438627236657378
2827 0.11831273176181603
2828 0.10747394597169703
2829 0.10703627528559967
2830 0.08735398116737277
2831 0.07715765737409716
2832 0.06545043093618165
2833 0.042916052173212774
2834 0.04479043832568835
2835 0.04637663424846334
2836 0.04600577173257201
2837 0.07123083308140027
2838 0.05642647747063688
2839 0.047664322788717246
2840 0.03217549255112417
2841 0.021037915771955244
2842 0.019783069576400213
2843 0.022764796532145103
2844 0.03093052164002486
2845 0.026573439087349347
2846 0.02166427046059073
2847 0.02078165203220124
2848 0.022588396169950082
2849 0.03501747095109718
2850 0.05085459529823156
2851 0.05284709924313446
2852 0.06115944689025414
2853 0.03461187267597325
2854 0.036168682264065506
2855 0.036683556332379116
2856 0.03753789785693294
2857 0.032610257042213674
2858 0.031869033074943084
2859 0.03237299904540735
2860 0.033009483906413305
2861 0.024963390648530957
2862 0.0322341347872647
2863 0.03747159979335397
2864 0.04662582248178851
2865 0.057854954835242646
2866 0.07561171672706218
2867 0.07886475680074478
2868 0.08364471493468598
2869 0.08136023707149252
2870 0.09307024844674126
2871 0.09388292869650335
2872 0.09615694539145216
2873 0.09372339941460064
2874 0.11979823557029644
2875 0.12226151867069768
2876 0.13002487317837239
2877 0.06719481847843418
2878 0.06219472743731368
2879 0.056697611846869715
2880 0.05353428158120153
2881 0.06207473426749289
2882 0.0820148924929618
2883 0.08495315746888304
2884 0.08980119098525541
2885 0.11917690418161134
2886 0.11622549478636404
2887 0.11212710075466958
2888 0.10550573749517649
2889 0.11005646779181667
2890 0.12826588643916215
2891 0.12493101427998311
2892 0.12496744192347008
2893 0.05715531614873049
2894 0.04846837293695982
2895 0.043935003463499815
2896 0.04054435387696574
2897 0.0409789067717643
2898 0.03778613988809529
2899 0.04650596447593918
2900 0.07059314936353372
2901 0.11820219047602819
2902 0.13181319534847208
2903 0.13224093577263504
2904 0.1290253063541388
2905 0.13818909255655595
2906 0.15168143128553863
2907 0.15033142519290063
2908 0.1480568785930802
2909 0.08758126103319508
2910 0.07805309811198134
2911 0.07290430387558583
2912 0.07050721543339737
2913 0.06364631944306313
2914 0.05593640959399671
2915 0.05129018821909853
2916 0.04372137708204236
2917 0.08615996754228353
2918 0.10267809450337446
2919 0.09780284986747517
2920 0.09139469319740878
2921 0.10323654372019606
2922 0.10785708967662254
2923 0.1012593602985694
2924 0.09317698031955808
2925 0.05779567766010216
2926 0.03720791032188902
2927 0.03621414058177426
2928 0.03665077394135738
2929 0.06459889571289143
2930 0.08622158509743366
2931 0.08124841808908992
2932 0.08031307479242258
2933 0.05038521297427832
2934 0.038004382013070666
2935 0.0357319756337889
2936 0.03145651785954389
2937 0.03354292748155724
2938 0.04883515190371251
2939 0.05462663329040738
2940 0.05972296299886868
2941 0.04949697799598438
2942 0.04120770516287244
2943 0.04407121760715948
2944 0.046785377859257044
2945 0.07575964011021277
2946 0.07984156955319169
2947 0.07753231969620558
2948 0.07304720382442703
2949 0.0551050467821726
2950 0.03293224491290763
2951 0.029502292954472983
2952 0.030214055753068264
2953 0.027186372582684363
2954 0.04945823276068709
2955 0.055959673112097305
2956 0.06164945311365196
2957 0.03940688888098037
2958 0.03779705021373942
2959 0.03902839183057992
2960 0.04322488433660174
2961 0.030657388284776894
2962 0.03875406763199386
2963 0.04011354139435314
2964 0.041196806206432436
2965 0.04822651660016037
2966 0.0775965178111668
2967 0.08394403911212571
2968 0.09053296364072212
2969 0.0969848879956973
2970 0.09231300423809871
2971 0.09110651780825561
2972 0.08623156065389412
2973 0.06523942145606901
2974 0.06357268590871076
2975 0.06099189416659449
2976 0.06115885224714357
2977 0.055635020052820706
2978 0.053184281602868456
2979 0.05438753559322817
2980 0.054259532638957976
2981 0.10385112081555213
2982 0.11680994278911572
2983 0.11084052438237006
2984 0.10578391110915972
2985 0.07783323668136329
2986 0.0869381137944667
2987 0.08689305302291023
2988 0.08702770788890536
2989 0.04109937551491777
2990 0.03800060008898306
2991 0.03786707834852451
2992 0.04000185948486144
2993 0.046080191189568895
2994 0.036917732526856
2995 0.03432221989492531
2996 0.032733986893339465
2997 0.03076468946784694
2998 0.038721142759377956
2999 0.04443995956026473
3000 0.052407413029066534
3001 0.025638045353621415
3002 0.024177311697070648
3003 0.02591642928272286
3004 0.028404242869896776
3005 0.05365376767892601
3006 0.03709281709617496
3007 0.03690145817664657
3008 0.04004773766651756
3009 0.07137756998082906
3010 0.08710964012630686
3011 0.08727425984456287
3012 0.08565510858803063
3013 0.061161059166185715
3014 0.04857434671433108
3015 0.04592974328691281
3016 0.0438132380315211
3017 0.03514338259003452
3018 0.05574645831930696
3019 0.054597009733965696
3020 0.054906121657484555
3021 0.052876573181687765
3022 0.09051030350987206
3023 0.10297127029420063
3024 0.11322058394237165
3025 0.09232220830794574
3026 0.06565275359649227
3027 0.05351337532732218
3028 0.048085522771193455
3029 0.026818689622689122
3030 0.030822663893172564
3031 0.03441160231911099
3032 0.036062291469240705
3033 0.05133521891341407
3034 0.052930404437782325
3035 0.05205599587941171
3036 0.052872932400948015
3037 0.05958349715809469
3038 0.05411191157850586
3039 0.049953489437986706
3040 0.04564908339500152
3041 0.05193385793747572
3042 0.05844694317594301
3043 0.06155687843341831
3044 0.06295945588881299
3045 0.08484435247792732
3046 0.09195674286145658
3047 0.08475160440557788
3048 0.07485663581475538
3049 0.06907121348758644
3050 0.055900121553722135
3051 0.05307245967647853
3052 0.05003088176586906
3053 0.05810220659159994
3054 0.0531014829993682
3055 0.050042699678168025
3056 0.04871356290087941
3057 0.05035022113183405
3058 0.04849805869204335
3059 0.05000435140868304
3060 0.05075935872202265
3061 0.08815741552309232
3062 0.11949006505809252
3063 0.12006607335622271
3064 0.12102969036470917
3065 0.10686451901593155
3066 0.0886465093973698
3067 0.07884084541898265
3068 0.06965914060698032
3069 0.032353782294428535
3070 0.04035672639232855
3071 0.04029918459056062
3072 0.03884953627458656
3073 0.06234858282790719
3074 0.04962303177494609
3075 0.04143449160281627
3076 0.03193211488830734
3077 0.029901959204272768
3078 0.03716199080403026
3079 0.031024781662436902
3080 0.029878165466683433
3081 0.047039835409993486
3082 0.03800191772266721
3083 0.04324269999212603
3084 0.04411778951737289
3085 0.031240930397525055
3086 0.02811646918487311
3087 0.027051350392900398
3088 0.02815677452566902
3089 0.03346583437550775
3090 0.03705423341425077
3091 0.033909909742191775
3092 0.045514321634159895
3093 0.0409064056678424
3094 0.03511237246315468
3095 0.034700443959917726
3096 0.032773529278769295
3097 0.0717923085899221
3098 0.0697015614897791
3099 0.06441561428898723
3100 0.05371900854980951
3101 0.03685393011709429
3102 0.023286134853479672
3103 0.02736072030239027
3104 0.037635723025261705
3105 0.039310573932290885
3106 0.05296059698551849
3107 0.0639654586402742
3108 0.07362783502555441
3109 0.04945651827283336
3110 0.027144545506625317
3111 0.02418867528031836
3112 0.025073401151822237
3113 0.028809236028084672
3114 0.033179916985535254
3115 0.045362341306294025
3116 0.05765367295636554
3117 0.030563155081693986
3118 0.02831504632328108
3119 0.029680279105004422
3120 0.031068387646969817
3121 0.04304772991510638
3122 0.07205175530753372
3123 0.0824064153134052
3124 0.09221564064957498
3125 0.06858025425142904
3126 0.05402778897174232
3127 0.04681960453812169
3128 0.041080907495286915
3129 0.03962845893471937
3130 0.03607302911273466
3131 0.03568112450284143
3132 0.03779788039429019
3133 0.033507900937136
3134 0.03653447114985831
3135 0.04029559435014615
3136 0.04184965701381718
3137 0.037534476876438835
3138 0.05627138059726267
3139 0.05954506216638214
3140 0.06160532178240099
3141 0.05303168624504033
3142 0.050972492086130916
3143 0.04566787931054371
3144 0.04205678638265024
3145 0.05063695260312235
3146 0.05634454688463437
3147 0.055811506202367384
3148 0.055155670226126254
3149 0.05083856235437767
3150 0.05696497183574675
3151 0.058688979282258684
3152 0.06026796136641945
3153 0.08559413637011956
3154 0.11358338064774647
3155 0.11801751493940872
3156 0.11950033747187697
3157 0.09312146926951859
3158 0.07972256973955329
3159 0.06979289276832851
3160 0.0613006954897136
3161 0.06253035582103102
3162 0.0582663387173321
3163 0.05463908149268587
3164 0.051356156283755915
3165 0.026904611204092876
3166 0.02889705869066376
3167 0.030626993558886817
3168 0.030966674504301555
3169 0.05847860878386833
3170 0.05762079443542081
3171 0.05936272169019997
3172 0.0628279345589054
3173 0.0835710954411555
3174 0.07981800493691321
3175 0.07905050100572687
3176 0.07805163472734857
3177 0.05056444695070313
3178 0.04389696676519694
3179 0.04228895935559033
3180 0.04140497145250512
3181 0.01885789968363543
3182 0.0252593957629247
3183 0.027015810752672398
3184 0.029175779989295117
3185 0.05577451791839644
3186 0.06558049223399302
3187 0.06999778279266951
3188 0.07339312454814588
3189 0.10185399370582328
3190 0.09281547214431465
3191 0.09403749998530085
3192 0.09227852252347105
3193 0.07305416308640197
3194 0.06411100572568171
3195 0.059479723572540305
3196 0.055793859212560956
3197 0.06395211871383907
3198 0.06099835999147679
3199 0.059211959794930866
3200 0.05551611461833257
3201 0.05502237023956883
3202 0.03722615394401112
3203 0.03397982863087602
3204 0.03083325201743177
3205 0.04436866821227575
3206 0.047811016104895236
3207 0.04722405865040984
3208 0.045846610329540426
3209 0.049730904066815455
3210 0.04433138993909307
3211 0.04108099863477821
3212 0.037998869948194916
3213 0.0602035291117325
3214 0.06656366089944826
3215 0.06477372772110924
3216 0.061748751712807845
3217 0.06744919383922729
3218 0.0606374956857093
3219 0.05716573787735486
3220 0.053373292531890854
3221 0.043281304429249615
3222 0.032879844432434496
3223 0.03251124821594769
3224 0.03154808474689703
3225 0.07088635337653176
3226 0.08730658639422093
3227 0.08644033400338029
3228 0.08470353825531005
3229 0.07325794662981953
3230 0.04615982538412121
3231 0.03331773839720143
3232 0.031016673328820406
3233 0.026198545093527995
3234 0.042389500246582605
3235 0.04671820523109565
3236 0.05031209604255903
3237 0.0609081226400551
3238 0.07255081299913836
3239 0.07260766531728352
3240 0.07267065363814283
3241 0.07574006001794553
3242 0.06920611673958657
3243 0.06898420010331133
3244 0.06726794978868944
3245 0.06296186128351494
3246 0.054249214194941456
3247 0.05331045862359237
3248 0.05204447322443442
3249 0.05804441577194611
3250 0.04885025559267735
3251 0.049967141810475006
3252 0.050909528145919106
3253 0.10065489974000429
3254 0.11897476738285154
3255 0.11673810599772334
3256 0.11395033045745767
3257 0.06294184803513571
3258 0.0434242328828927
3259 0.04410650986793289
3260 0.04428007362742616
3261 0.05819062414324791
3262 0.06009630618095781
3263 0.061807989880097905
3264 0.06154790034602974
3265 0.08039510138055878
3266 0.057711717022977935
3267 0.04721024761088489
3268 0.03548556230363261
3269 0.051582135764157495
3270 0.09244038143717871
3271 0.10109434605196702
3272 0.10415930868897211
3273 0.06496368275816312
3274 0.03764831507269454
3275 0.03420535191299423
3276 0.03195800584142114
3277 0.043960910437887184
3278 0.05554391663166209
3279 0.05828623783852512
3280 0.05980703531655568
3281 0.07870207722343597
3282 0.08554121071943631
3283 0.08481528227159352
3284 0.08193783774905804
3285 0.07768325563741896
3286 0.08379710758659774
3287 0.08208471756028406
3288 0.07842550388617812
3289 0.07868082734316795
3290 0.06967228261213392
3291 0.06589677090850724
3292 0.06322114403598113
3293 0.05890606199839362
3294 0.09808281789620348
3295 0.10949231488759295
3296 0.11750301114908329
3297 0.10004950224657809
3298 0.053230334817021746
3299 0.048439719841684395
3300 0.04276747693503016
3301 0.030665417802567367
3302 0.0374535763509216
3303 0.04206750650512417
3304 0.05045568242183417
3305 0.027435560533422537
3306 0.029482169020092205
3307 0.028678855433724868
3308 0.03180671988107725
3309 0.03652367194612857
3310 0.039827073573156235
3311 0.03979975717463255
3312 0.04065527072567328
3313 0.035026770900213944
3314 0.038750378927627394
3315 0.03978217807605885
3316 0.04021995200326037
3317 0.07609569056045452
3318 0.09201134568934627
3319 0.09663740116838693
3320 0.09695474808373244
3321 0.05922148008475521
3322 0.02651411229396386
3323 0.029343387627045484
3324 0.03570028573313445
3325 0.030947928785642773
3326 0.02079078897221761
3327 0.024083625654081856
3328 0.02947833016224859
3329 0.025425355733496455
3330 0.025520729095240585
3331 0.025179852898311043
3332 0.02414229921928334
3333 0.02674359006063117
3334 0.037552409108566734
3335 0.03946805753384824
3336 0.04428980599672857
3337 0.10781807855388242
3338 0.14834353256637545
3339 0.15781776643847706
3340 0.16329533234557453
3341 0.18017993282998407
3342 0.14600460412635657
3343 0.13294598478418373
3344 0.11225527072983367
3345 0.12005172761019176
3346 0.103492159814013
3347 0.09020209405194936
3348 0.06375750029765508
3349 0.14632369236086887
3350 0.13045887603067705
3351 0.1182706322502514
3352 0.09691306688984863
3353 0.15073327841301357
3354 0.1571944835631148
3355 0.15212131131415882
3356 0.14325690032308483
3357 0.13310959680493886
3358 0.10678648503405158
3359 0.09296252909048626
3360 0.07383766298990369
3361 0.0502564828407904
3362 0.06048161100252017
3363 0.06733177223212243
3364 0.06940913871842425
3365 0.07808063085550365
3366 0.05378483038229799
3367 0.04460247255603169
3368 0.04159037905905846
3369 0.038300233737810864
3370 0.04318663051442571
3371 0.045246897483668114
3372 0.04806468410443647
3373 0.03159587152816531
3374 0.03003687427022309
3375 0.029190343871054673
3376 0.026953864239250093
3377 0.03704461892624664
3378 0.04404506774212783
3379 0.042343933855876134
3380 0.042790382177139215
3381 0.04392423477425535
3382 0.05416878561475841
3383 0.05528033075922977
3384 0.05060909744193305
3385 0.053859565685806646
3386 0.042134662823088545
3387 0.04101441508946906
3388 0.037568663679497204
3389 0.07103321828036632
3390 0.05292144348141012
3391 0.04165452986085931
3392 0.04708324856609227
3393 0.04556544026051508
3394 0.0758663098471413
3395 0.08376861620770512
3396 0.09566153414385115
3397 0.05206443354716936
3398 0.07331954182042226
3399 0.075746107839846
3400 0.08779868052268958
3401 0.10554563265958325
3402 0.14339039713677448
3403 0.15035820550442489
3404 0.16464190541340692
3405 0.09868468351233127
3406 0.09228270442321673
3407 0.08755499747054936
3408 0.0895585468284873
3409 0.09334252048535797
3410 0.10381424732243762
3411 0.10246925107793749
3412 0.10527091155723511
3413 0.15057772762311436
3414 0.148805946923524
3415 0.14380512234243323
3416 0.13745029733124461
3417 0.12614335668398546
3418 0.1407428973978064
3419 0.13839490977722665
3420 0.1385265636619773
3421 0.055077425314165776
3422 0.05245161039623417
3423 0.04879217235256953
3424 0.046562330816203173
3425 0.041835412186971094
3426 0.062027745731608186
3427 0.09045193579285739
3428 0.11545861906928402
3429 0.14649496624649985
3430 0.14570441177469726
3431 0.14400786765518508
3432 0.1403679941193361
3433 0.1566258038869321
3434 0.17638275014590912
3435 0.1764952297668842
3436 0.1785406315455372
3437 0.11373940269555406
3438 0.07847941753003256
3439 0.06945491666336524
3440 0.06241256669005246
3441 0.058081412232188885
3442 0.07356266048212018
3443 0.07678444504956564
3444 0.07653054852132525
3445 0.1279550014878812
3446 0.15560512701081172
3447 0.1525932785314201
3448 0.1504987471977748
3449 0.1203791304550778
3450 0.1387627933523546
3451 0.1348665929517776
3452 0.13379324427513817
3453 0.07026249827572256
3454 0.06357675574864305
3455 0.06311227717314938
3456 0.06167611343130109
3457 0.07690800000142009
3458 0.07885845730091115
3459 0.06966739351523382
3460 0.06428399316764581
3461 0.06746168105767976
3462 0.04673908346849334
3463 0.0394214041991591
3464 0.029231770656757177
3465 0.08196820473816771
3466 0.0799024014992701
3467 0.07681436663573665
3468 0.0682786625986444
3469 0.06318567500675744
3470 0.06746032977611868
3471 0.07042215615401376
3472 0.07415740774894485
3473 0.10204389431341884
3474 0.10258655361314425
3475 0.09692316383019407
3476 0.08608448740756258
3477 0.08380043338800137
3478 0.07056204968472692
3479 0.06966261410401245
3480 0.06465943263658985
3481 0.05390454896579886
3482 0.0363348195574068
3483 0.04515498974696499
3484 0.05521945758942887
3485 0.07094741229856674
3486 0.06171250672528323
3487 0.05467303782323481
3488 0.0450443399124795
3489 0.04740545239087629
3490 0.035794762948631376
3491 0.03160584370853867
3492 0.023988315435461083
3493 0.035230137687384394
3494 0.07734070850015012
3495 0.08848679869008087
3496 0.10059672619700417
3497 0.1048606726555769
3498 0.10629553472331316
3499 0.10125410945753364
3500 0.09115544978911708
3501 0.05772024414682343
3502 0.07801957770044289
3503 0.07800145991537044
3504 0.0803213480131449
3505 0.0812256812539509
3506 0.0953107353678452
3507 0.09441208554063961
3508 0.09091735118372304
3509 0.12135012830657177
3510 0.13234925641609602
3511 0.12208336787516122
3512 0.11748239238161148
3513 0.08847366130167358
3514 0.12343412764564551
3515 0.12536574149765856
3516 0.13028457061002527
3517 0.05419898691505876
3518 0.05877983248685283
3519 0.056936827352667155
3520 0.05678000640898686
3521 0.0367172613995761
3522 0.040653812749061345
3523 0.03869423899294796
3524 0.03855095931518943
3525 0.05002528051161066
3526 0.042374063327168685
3527 0.050320716257473114
3528 0.058278313925208526
3529 0.046660687068748194
3530 0.045436608394546586
3531 0.043907659648558126
3532 0.04294982334999282
3533 0.08330154306890383
3534 0.062195503966382515
3535 0.05412287260198485
3536 0.042779868150269115
3537 0.05084692357568283
3538 0.05600892105051939
3539 0.05614526401757287
3540 0.05642734809092894
3541 0.05511280758990398
3542 0.08047208817701565
3543 0.08407860254963216
3544 0.09072093957590462
3545 0.08510593673573523
3546 0.1065481366547569
3547 0.10486773500693317
3548 0.10429690676985723
3549 0.09099041645680915
3550 0.127709719549806
3551 0.13859666505177493
3552 0.14572381923492728
3553 0.12078965314155744
3554 0.08750890673374272
3555 0.07700216027086611
3556 0.07401129350012617
3557 0.04489812118923634
3558 0.037855085041015195
3559 0.03626419558734087
3560 0.03369940235642239
3561 0.04074184422057818
3562 0.0468643745266157
3563 0.04805504551909852
3564 0.04930024120327293
3565 0.06139658179738669
3566 0.04355624411003128
3567 0.03932332192390279
3568 0.03533877923205563
3569 0.0642748365802911
3570 0.07311536965018267
3571 0.07607691774302465
3572 0.07617743443496731
3573 0.10415839507657872
3574 0.08460204838594335
3575 0.07187418229013731
3576 0.05465239022731592
3577 0.06004753375936757
3578 0.049633175403119414
3579 0.04975402458468398
3580 0.04969674876590613
3581 0.0590755131095856
3582 0.049329726849756915
3583 0.04602746705987862
3584 0.041370566387719736
3585 0.04173206686072025
3586 0.04414508838651532
3587 0.04888468762884958
3588 0.0504830625832826
3589 0.09334156828695753
3590 0.13946130604153317
3591 0.14661506807489036
3592 0.15362237753309343
3593 0.14430780142717306
3594 0.11135400507440955
3595 0.09720408859107647
3596 0.0841075329451409
3597 0.046189485265641685
3598 0.06303370317125821
3599 0.06461725404400312
3600 0.06355527645254078
3601 0.07499298175270276
3602 0.06141933872526898
3603 0.05579580593912412
3604 0.04885694239057231
3605 0.04965683517728693
3606 0.059946079760690045
3607 0.05880145795740276
3608 0.05864687954308663
3609 0.03922339548136302
3610 0.03359667053074858
3611 0.03551300097298008
3612 0.03651200650552298
3613 0.03472241507370757
3614 0.03933097097900538
3615 0.03898479639652266
3616 0.04539448467551033
3617 0.04267948358973826
3618 0.04783064428329238
3619 0.04783110254866869
3620 0.04451622984217182
3621 0.03148207246767017
3622 0.033495848403848144
3623 0.03231363619598984
3624 0.03131932206287711
3625 0.06646440134061869
3626 0.056223301494621215
3627 0.05184220374030889
3628 0.040500487190631346
3629 0.03934984128267043
3630 0.043355629478711306
3631 0.0634472042055366
3632 0.07705868482914173
3633 0.03204991154898774
3634 0.046987327533524595
3635 0.0562808733420775
3636 0.06742656951690275
3637 0.04051637780954951
3638 0.046422624094504726
3639 0.05423033877653609
3640 0.06744230927566096
3641 0.04743371598011994
3642 0.0441366416474748
3643 0.040672531942872646
3644 0.04306432353333581
3645 0.053961705863692803
3646 0.05528022428057166
3647 0.0512812057806964
3648 0.04774086183700287
3649 0.06824262710808082
3650 0.11280448212795478
3651 0.1256136564488872
3652 0.13855733940863849
3653 0.11071921523375221
3654 0.06585040564576657
3655 0.056449442228195375
3656 0.05025049915120248
3657 0.047947479306784044
3658 0.030476759764162385
3659 0.032709710160475164
3660 0.03813234690599793
3661 0.0676695136766286
3662 0.07911845523609555
3663 0.08421802823686388
3664 0.08592353323883022
3665 0.03192257331050522
3666 0.03668636920108328
3667 0.055685120790057954
3668 0.06910431982659217
3669 0.07618458758825232
3670 0.057235202088810555
3671 0.04900724503250139
3672 0.041789660874825024
3673 0.05353112558049008
3674 0.053820792404188925
3675 0.05048354561937571
3676 0.04751841314682215
3677 0.08249375316096735
3678 0.10361069981280041
3679 0.10364006393856652
3680 0.10617058982119879
3681 0.14515400377544319
3682 0.17950183412344722
3683 0.1843257942517181
3684 0.18444201825961207
3685 0.14736082469538825
3686 0.1165068932890921
3687 0.0964735845725074
3688 0.0787854883685303
3689 0.0629128274858845
3690 0.05519387696183636
3691 0.05635628889053689
3692 0.05642290515295958
3693 0.04732114041855216
3694 0.055289240990115236
3695 0.05732738047137796
3696 0.058400189204439096
3697 0.06929223124958998
3698 0.0600167052943901
3699 0.057036853463961736
3700 0.05719746183119943
3701 0.07672042092165729
3702 0.07982739327170463
3703 0.07852390918581974
3704 0.07782563906016016
3705 0.06811365993477524
3706 0.05490019403521651
3707 0.051921466504304466
3708 0.04941742039630605
3709 0.035367140054104865
3710 0.03414174590812256
3711 0.03310526421789157
3712 0.03479046457650736
3713 0.05282310815938908
3714 0.05235066444355899
3715 0.057355261155048805
3716 0.061097839316622334
3717 0.09319121334108663
3718 0.08521160664272553
3719 0.08994303785071509
3720 0.09009146279779662
3721 0.06914591780793579
3722 0.06922458358593948
3723 0.06884984331268999
3724 0.06805672599571984
3725 0.06861292601587499
3726 0.05254998687500394
3727 0.05010118265955478
3728 0.04496300942957941
3729 0.05031986553993663
3730 0.04340513091584911
3731 0.04072675087233534
3732 0.03769389836882814
3733 0.0543213478151645
3734 0.050115727645068726
3735 0.045480833784285975
3736 0.0398444428897733
3737 0.050361328799304245
3738 0.05166878923606429
3739 0.05102977894981838
3740 0.049106510313241584
3741 0.09224634468195522
3742 0.09531434778201277
3743 0.09235730849125792
3744 0.08768800823878968
3745 0.09472403865129687
3746 0.07507269845950838
3747 0.06890231132120254
3748 0.062134179356689856
3749 0.06980618798662623
3750 0.08899657053782097
3751 0.09111601593540583
3752 0.09044294962822248
3753 0.1305032458587412
3754 0.1401626249810451
3755 0.137540398682827
3756 0.1340041059636446
3757 0.09786880741602645
3758 0.0434060662171954
3759 0.03279929615755056
3760 0.028746698149542324
3761 0.04244122134852367
3762 0.04440009036446346
3763 0.041937340159035906
3764 0.04457409616259402
3765 0.047529567065799604
3766 0.06638946757938381
3767 0.07170878740989653
3768 0.07863534547363563
3769 0.06776220101097
3770 0.06368465698406141
3771 0.06429104365421945
3772 0.06465641058352489
3773 0.06021111251382907
3774 0.055394646489145535
3775 0.053925321177111296
3776 0.05191174841783345
3777 0.056918394418434014
3778 0.0746855969754896
3779 0.0810890138784789
3780 0.08500563314241809
3781 0.12988437934681332
3782 0.11739323673347692
3783 0.11003163550590611
3784 0.10156432778742579
3785 0.06196923057938796
3786 0.05555779192221387
3787 0.05669152947195975
3788 0.057047805611303674
3789 0.07755667176695759
3790 0.08028173153784551
3791 0.08280318711823366
3792 0.08953074338325363
3793 0.12186675895417345
3794 0.08654110282633744
3795 0.07162835428938512
3796 0.050117852098587455
3797 0.07010957017897965
3798 0.11698825693953255
3799 0.12726663784857273
3800 0.1310481562128757
3801 0.07039760717528115
3802 0.04049916883950088
3803 0.03915644693052938
3804 0.04003490148771922
3805 0.05212670636629154
3806 0.06456086001492839
3807 0.06695660773234484
3808 0.06863370275748215
3809 0.08020372027268775
3810 0.07574565654915802
3811 0.07232117237532397
3812 0.07139243197954909
3813 0.07066440242131507
3814 0.08454773590238004
3815 0.09368914895684675
3816 0.10319838577123282
3817 0.10436751954146771
3818 0.10370963433128305
3819 0.09885156132422614
3820 0.0953349180572644
3821 0.09332215177328089
3822 0.1314519968162993
3823 0.14264736468044087
3824 0.15046588185556828
3825 0.1740297600584707
3826 0.11976875631707426
3827 0.09816793996909282
3828 0.0822044688604352
3829 0.07522612418216834
3830 0.08992809970730384
3831 0.09326432966219135
3832 0.09945823913548918
3833 0.05700347618880086
3834 0.04185601553257772
3835 0.03385850235199591
3836 0.038204557369884096
3837 0.04150647807792832
3838 0.058766255695937304
3839 0.06395121783323215
3840 0.06850021387717395
3841 0.0882063464955647
3842 0.08118234764903665
3843 0.08063426841454066
3844 0.08042626228885952
3845 0.12380440873201484
3846 0.14768249632440167
3847 0.1524407570364128
3848 0.15400818716369455
3849 0.12327840892693802
3850 0.046718157491451986
3851 0.04000484692775983
3852 0.03422243635420042
3853 0.03977193507957681
3854 0.042983609596510236
3855 0.045039286697571554
3856 0.048589170932728805
3857 0.03417813454312869
3858 0.048484701823042625
3859 0.05412214774939206
3860 0.05867605191571427
3861 0.044594264122698166
3862 0.056796225197676145
3863 0.05844140682077588
3864 0.060509335252800674
3865 0.11904849570051898
3866 0.1753668990760536
3867 0.1911047227069133
3868 0.2039512971651001
3869 0.2706400495685366
3870 0.22398455853737337
3871 0.20596997137137452
3872 0.17562504267363224
3873 0.21005649831916698
3874 0.13559481178498636
3875 0.09808580457527658
3876 0.04167869546425612
3877 0.2233228848320362
3878 0.1646975469629293
3879 0.13893282450415748
3880 0.09700193552274397
3881 0.20562692323333928
3882 0.2344846402056508
3883 0.2286060454916102
3884 0.21899125101356356
3885 0.1453605097553665
3886 0.10001323478032473
3887 0.07320059312204906
3888 0.04486658350403646
3889 0.06302851387843812
3890 0.06431531599465602
3891 0.0709728849465891
3892 0.07819054242230888
3893 0.06809865878974704
3894 0.03983628375282794
3895 0.032217621427907676
3896 0.038568027732416264
3897 0.096406020628327
3898 0.1357886841580272
3899 0.14841915135736797
3900 0.16249100522100213
3901 0.04911541092339355
3902 0.046820425322227195
3903 0.04082381239109105
3904 0.034424313351966274
3905 0.04394842645048892
3906 0.07331420558750441
3907 0.10225207277884671
3908 0.13611536987046222
3909 0.07201004631732254
3910 0.12524058298808938
3911 0.13444437555167504
3912 0.1262361787320214
3913 0.24910751289935387
3914 0.24400025757952948
3915 0.23220284720857212
3916 0.21528688967565612
3917 0.15221789723652301
3918 0.0945062165020356
3919 0.07042353067853484
3920 0.05703129045750626
3921 0.02793994284231417
3922 0.034145391325720066
3923 0.04957616647576624
3924 0.04805635381462683
3925 0.03458421869880943
3926 0.13663229230935706
3927 0.17935421797720374
3928 0.2262984581499148
3929 0.28031114309259264
3930 0.3121735472978497
3931 0.3240988443874662
3932 0.3362448929718184
3933 0.3267513143404987
3934 0.30278711529638236
3935 0.2964451002717951
3936 0.2852105888124289
3937 0.2572494024247679
3938 0.21589414701166706
3939 0.19875271820116927
3940 0.17156492214389876
3941 0.08910213484392526
3942 0.07050470160263637
3943 0.07300970176986693
3944 0.07542501878777941
3945 0.06728233743108553
3946 0.07121044657793972
3947 0.07374202068318896
3948 0.07475032067677813
3949 0.08957408514579186
3950 0.09879122540494702
3951 0.0985614823994617
3952 0.10226414418209774
3953 0.11582016089175026
3954 0.12128699806083106
3955 0.12402454638374326
3956 0.126038527401468
3957 0.19963815782825742
3958 0.25267520512553915
3959 0.26759255219894335
3960 0.276309992150374
3961 0.316088123120369
3962 0.3194335606958433
3963 0.3205141117838063
3964 0.3175664029837378
3965 0.2713907590648414
3966 0.215146770006134
3967 0.18855645474019173
3968 0.15404384664763057
3969 0.06492403667600065
3970 0.09161585716685149
3971 0.12009080870514684
3972 0.14564113295242634
3973 0.2272586243590274
3974 0.23002771710863976
3975 0.2300543743221029
3976 0.23064223678650653
3977 0.18043403569126065
3978 0.1489345712251182
3979 0.13610822957086421
3980 0.12748908816468285
3981 0.13346683309243795
3982 0.07924056801060206
3983 0.06072406732902283
3984 0.0472590169140147
3985 0.08850776466175701
3986 0.1305306391908126
3987 0.14110596038623865
3988 0.14646865677285764
3989 0.19214533411438975
3990 0.20921059968333586
3991 0.20774456170000213
3992 0.20483874131969398
3993 0.13837410399221353
3994 0.09728256506396099
3995 0.08207302591336778
3996 0.06262092756632162
3997 0.05209845914471573
3998 0.04198895094065327
3999 0.04459324754524481
4000 0.05091602178508041
4001 0.089567230063272
4002 0.11161386279186186
4003 0.1213006036278052
4004 0.13027759093817973
4005 0.13555012076152548
4006 0.18673891370942267
4007 0.20231618240122132
4008 0.22151707475815174
4009 0.18517709256122403
4010 0.17448106580761888
4011 0.17026563978292483
4012 0.16815786134651853
4013 0.20207394658949515
4014 0.15619227593312807
4015 0.12812896581715083
4016 0.10315477605570482
4017 0.0773276792863892
4018 0.10896209837455718
4019 0.11531937125843482
4020 0.11870028506648778
4021 0.1075229789193776
4022 0.07941376766476471
4023 0.06969823884602618
4024 0.05836707403275302
4025 0.0920984196787095
4026 0.1766099909708193
4027 0.19077777638319968
4028 0.1985672326569183
4029 0.1575983092542978
4030 0.17761221501979313
4031 0.17077170252953877
4032 0.16782952632384276
4033 0.0795419006411494
4034 0.08923245801478581
4035 0.09466108129808488
4036 0.10010271521797477
4037 0.09382458759245821
4038 0.1751927133614666
4039 0.1884057953534453
4040 0.20487078961588043
4041 0.1138295717696773
4042 0.1313310636412737
4043 0.1410492468983032
4044 0.1525612285756335
4045 0.21516406505789334
4046 0.17657693153453846
4047 0.161159225270975
4048 0.13897736471288477
4049 0.13845591518519962
4050 0.11433234201427445
4051 0.10181524526073145
4052 0.08638853735940064
4053 0.13751421386197027
4054 0.1438010168078707
4055 0.13860356360938364
4056 0.13403191649455112
4057 0.21416590608357386
4058 0.22730535884126168
4059 0.23087572512636087
4060 0.22043817148969624
4061 0.23338282770308597
4062 0.24440846976394573
4063 0.23022883865097415
4064 0.21845194049715835
4065 0.1499147088840161
4066 0.13625874795304163
4067 0.1339654987489123
4068 0.12861997681304388
4069 0.10457402465988841
4070 0.10362910907842161
4071 0.09781778748934468
4072 0.08976251511490022
4073 0.1369926618874718
4074 0.16420198509135728
4075 0.1747589190063324
4076 0.18344799926545208
4077 0.13334277898851435
4078 0.16525776723984015
4079 0.17059858653160084
4080 0.18387440246142955
4081 0.09222208571373627
4082 0.12011958241627901
4083 0.13593939191953738
4084 0.15440022846844506
4085 0.13810529934118795
4086 0.1608606103346353
4087 0.17308334165406652
4088 0.17790352815078342
4089 0.156349081322758
4090 0.15360973350981777
4091 0.1487333957404548
4092 0.14634934486632478
4093 0.09193383222827917
4094 0.08749282724992857
4095 0.08802728088631544
4096 0.09004676835671034
4097 0.05548074435103774
4098 0.056165628501824154
4099 0.059369677584886926
4100 0.06347055816250217
4101 0.07110935706777141
4102 0.05775137638591687
4103 0.058584846947216114
4104 0.0596901477377559
4105 0.05555264055732455
4106 0.05864493399078641
4107 0.05874330473390087
4108 0.06024425631684333
4109 0.06760351262593449
4110 0.08126709623219855
4111 0.0860789923324489
4112 0.09613803426119122
4113 0.09953819167209735
4114 0.09151635816842306
4115 0.0891770198194033
4116 0.0867437375988492
4117 0.11431460347455645
4118 0.09327524978321128
4119 0.09242936273147105
4120 0.08535732137218743
4121 0.14038495840103218
4122 0.11835331171506895
4123 0.11066393756419594
4124 0.10072684181354621
4125 0.09231907237491643
4126 0.05954834608315626
4127 0.05076592795460132
4128 0.04750576904932805
4129 0.05106292779125445
4130 0.06009340109664536
4131 0.09001747564808138
4132 0.11345097964332837
4133 0.09925313258285848
4134 0.10761628739288757
4135 0.12234982224995516
4136 0.13113915689975614
4137 0.0698930543252676
4138 0.04973237847159916
4139 0.04536792659627095
4140 0.04038669252127464
4141 0.07283538586417658
4142 0.11814486484422494
4143 0.13095941514529888
4144 0.14209207468934382
4145 0.14824471994860575
4146 0.07476663770902021
4147 0.07625739092088667
4148 0.08146512240881698
4149 0.057412745922371326
4150 0.05087893366577078
4151 0.056039427630274675
4152 0.055839639539857946
4153 0.13710494569639853
4154 0.12317303849704662
4155 0.11752409002827977
4156 0.108009611389652
4157 0.03964917615475672
4158 0.04040174521368764
4159 0.06491463579047987
4160 0.08946934106128779
4161 0.02889445309256645
4162 0.03999168467968182
4163 0.04110211942680573
4164 0.041312487407860615
4165 0.14511147841155403
4166 0.14475647167863978
4167 0.13462894029863587
4168 0.12375853960632822
4169 0.07725013292268477
4170 0.05734274140824637
4171 0.051423775452733696
4172 0.04537218263442118
4173 0.081907746223292
4174 0.08109414572110024
4175 0.07661679914873136
4176 0.06678836255374727
4177 0.06720247478354457
4178 0.049942088442736954
4179 0.07736838288844379
4180 0.11274056584790312
4181 0.06574186813599968
4182 0.06871208010342321
4183 0.06845502636592471
4184 0.06620123558709026
4185 0.09317989220094329
4186 0.12741217914942554
4187 0.131698972678378
4188 0.13162934349216238
4189 0.04979971925542804
4190 0.12231233203246178
4191 0.1388732256055692
4192 0.1501733784826838
4193 0.19586866826493132
4194 0.08200680259432434
4195 0.043721419287634615
4196 0.03748811699155656
4197 0.10560902288415121
4198 0.16781179053157458
4199 0.18111858065082387
4200 0.1884116371013414
4201 0.13799993703264254
4202 0.0835861624068227
4203 0.06561441610390957
4204 0.05633768889911762
4205 0.12548010066010884
4206 0.1294395037422012
4207 0.12724199446392878
4208 0.11824608976178602
4209 0.12306506692631969
4210 0.11880412516033535
4211 0.10352303197443442
4212 0.0802639957107071
4213 0.12766765624144136
4214 0.10259661503523147
4215 0.09405544097795486
4216 0.07468208078359656
4217 0.12453340726522248
4218 0.08845956363813429
4219 0.06955300703961126
4220 0.05164935808729419
4221 0.09444711662419869
4222 0.1543501895867309
4223 0.1700336384487917
4224 0.18728311181474877
4225 0.1992224451400785
4226 0.20416947647481665
4227 0.2016424930340355
4228 0.19985124148702585
4229 0.10789258922502493
4230 0.10115874584423071
4231 0.10505760049917162
4232 0.11061318699026154
4233 0.042265282421503535
4234 0.0285099790393389
4235 0.03233064235951192
4236 0.03469431283105664
4237 0.13141694204345802
4238 0.18802684745770648
4239 0.18631327217078225
4240 0.1882264412917039
4241 0.1375858041030982
4242 0.1821611584425962
4243 0.18535219181172455
4244 0.1846020478055312
4245 0.23364118490861627
4246 0.25269301954959483
4247 0.2520624492051006
4248 0.24423451450225908
4249 0.22306742706283475
4250 0.11136606794478125
4251 0.06652355588703471
4252 0.04007983723753695
4253 0.03950055019888293
4254 0.12677492213753866
4255 0.15329652650830003
4256 0.18634568056002923
4257 0.13672294130297682
4258 0.21115716304200322
4259 0.23563946046666187
4260 0.25810164531315627
4261 0.24324328752545818
4262 0.278420804477363
4263 0.2844886091418551
4264 0.2916908007349545
4265 0.25672759941454915
4266 0.2442571030520596
4267 0.2286986011795058
4268 0.20852534082590868
4269 0.20113767245748007
4270 0.1528148919220145
4271 0.14734011888312912
4272 0.12663319827039524
4273 0.2511725195358885
4274 0.1719183625463356
4275 0.1315684811622232
4276 0.07938563511552041
4277 0.05758615352730783
4278 0.053860585906705886
4279 0.05375702142451842
4280 0.05646582095076575
4281 0.07569531577103747
4282 0.08366529614363374
4283 0.08369215269951115
4284 0.08041114447197066
4285 0.06461899212405121
4286 0.0635951541919537
4287 0.06274338598273933
4288 0.060948265623187906
4289 0.06087163859849658
4290 0.07763192675382183
4291 0.08605845018220475
4292 0.10543748584016226
4293 0.07649790091805952
4294 0.07196624529027444
4295 0.07039609399162614
4296 0.06586960415214066
4297 0.06580127163321377
4298 0.06307136155226935
4299 0.062391615790699406
4300 0.05723948048406769
