x y
490 0.04342173648935237
491 0.032653825297360016
492 0.030627162736675147
493 0.021722796751121636
494 0.02122144127301691
495 0.02108640346217145
496 0.02124105436326671
497 0.03121135889624422
498 0.030995578298795286
499 0.02597759118216123
500 0.025680114119819922
501 0.02467975164731457
502 0.024524422143752868
503 0.02402482103387768
504 0.021828378019786644
505 0.025233033853078825
506 0.025537464122229233
507 0.026518570274535722
508 0.026273817746727136
509 0.02425354132018548
510 0.023658755988507175
511 0.02325646068047399
512 0.023427200742013415
513 0.02472972186666837
514 0.09493942670485715
515 0.026034147501393712
516 0.023868017739577616
517 0.022011600763217874
518 0.04102139683942352
519 0.03720513194037965
520 0.026912453367227786
521 0.049477674638053505
522 0.02217027629238101
523 0.022807940837965085
524 0.02267481882347791
525 0.022134036557618395
526 0.022202898429353902
527 0.022489770253050604
528 0.023265136540139696
529 0.02048639034538131
530 0.02156451728242264
531 0.020990089856303944
532 0.02181500230066227
533 0.021770621917649554
534 0.023136227493325216
535 0.022993285831080276
536 0.02366511044029254
537 0.023028203753425496
538 0.020991920703574488
539 0.021306463783439207
540 0.017405698122167825
541 0.0243580611764318
542 0.02675859011206916
543 0.026499720613519354
544 0.028289771950584044
545 0.0241561701059297
546 0.02879683696414743
547 0.05105698650345399
548 0.032114622080954856
549 0.02577797792808218
550 0.024289990731975526
551 0.023378766600225292
552 0.023078029533274737
553 0.02836839952516092
554 0.023423237114987106
555 0.024155627394543997
556 0.024672709907253457
557 0.032191725518008946
558 0.023613195937580052
559 0.023195721883615947
560 0.022677378462723812
561 0.023273447063202106
562 0.02331547345995081
563 0.022741776203029588
564 0.02296724976752471
565 0.02688113371400988
566 0.02480254876572357
567 0.025910977768932635
568 0.025156595297338866
569 0.027009627696379688
570 0.026766892632722767
571 0.027591123210334738
572 0.055714105476276
573 0.022675328077728634
574 0.022772548806888098
575 0.022732474320725445
576 0.021860680692011032
577 0.02189919007978321
578 0.021695658633728077
579 0.02015907061919871
580 0.024550047365707234
581 0.02237282078078155
582 0.022562576508884928
583 0.02239222262443071
584 0.022686706056938146
585 0.02346178108399182
586 0.026007963719447028
587 0.024800472524833556
588 0.024673728915512446
589 0.023071500866222245
590 0.023696938826672564
591 0.0233658271082262
592 0.023494695576081994
593 0.02294647349153368
594 0.02517039618069746
595 0.025167033508586116
596 0.029338904871136686
597 0.024924442821671017
598 0.023409814783470716
599 0.024776324283801852
600 0.02636243657488003
601 0.025243933289694754
602 0.02331421041637309
603 0.023764047198134675
604 0.024148256356655767
605 0.022390953939178383
606 0.021982678601145614
607 0.022839057426641905
608 0.022779755187048115
609 0.022777725880480607
610 0.022499575168559105
611 0.022963103640887526
612 0.022748747323077398
613 0.02210198307979713
614 0.021206126864279817
615 0.026137325710598226
616 0.031756201918499025
617 0.022069853061747295
618 0.02325218091098524
619 0.024108643534548786
620 0.024965537945189544
621 0.023115144027592797
622 0.02346893449362456
623 0.024014887932625784
624 0.024915972778614324
625 0.022295388479092633
626 0.02433167631110459
627 0.025582290733161553
628 0.032270974962152074
629 0.023231685761905527
630 0.024838641171980137
631 0.02641173929487754
632 0.028283175491247373
633 0.025273274362982188
634 0.01971786251827197
635 0.021532384424945164
636 0.01969777237153678
637 0.024814601867911238
638 0.023724898560095832
639 0.022819112338296334
640 0.022686637243727686
641 0.023194348606565975
642 0.024038336901561045
643 0.024266046877047923
644 0.03348846351987488
645 0.021681496362873545
646 0.024365006315946493
647 0.025358040631126035
648 0.02592651297435314
649 0.023352876124211178
650 0.023108109882434055
651 0.022855253255642145
652 0.022519553944359737
653 0.026569298720790457
654 0.0237386751442287
655 0.024535995697446154
656 0.019724525498596202
657 0.03735564786321631
658 0.039590165094988986
659 0.028788508878740505
660 0.026586481031140648
661 0.0224576442759618
662 0.025612341936395038
663 0.0269017953236336
664 0.0209081712413614
665 0.022906343897334924
666 0.023132568861865863
667 0.023370675724769863
668 0.023657995763065195
669 0.02305749329435998
670 0.023087380185380715
671 0.023330451969166974
672 0.023654801210577003
673 0.022823617556371422
674 0.02447834512959199
675 0.02381947024205842
676 0.03282249825132501
677 0.0232136277847214
678 0.023492031009777734
679 0.025609287989485363
680 0.025129463983187064
681 0.024142389845609107
682 0.023417666229764062
683 0.02153555246910007
684 0.0217207950681878
685 0.023124232273840917
686 0.02278453534724297
687 0.022878142466164108
688 0.022644221168668204
689 0.024160711702885532
690 0.02617380896421297
691 0.027178477408131684
692 0.0356099948288444
693 0.026650482940969483
694 0.026289325873931256
695 0.02472248938905474
696 0.02342280817555324
697 0.02385279820443168
698 0.02324779600514916
699 0.0230006366618597
700 0.022995603795696536
701 0.022939860315505163
702 0.022570407120176036
703 0.02215152135301717
704 0.022592448664124954
705 0.02377961510677817
706 0.026597833116579636
707 0.03270486705755697
708 0.02271626535895224
709 0.026446502485877522
710 0.026422593069152563
711 0.025088216710823813
712 0.02437414029132848
713 0.022129259757956588
714 0.023602128521644967
715 0.023526587174887315
716 0.023484846152663753
717 0.022830799613751795
718 0.028216782040301147
719 0.026365393374033194
720 0.022534793672098624
721 0.020310792065147566
722 0.019080907070047084
723 0.03538406461638002
724 0.029415835801652065
725 0.02438794888972685
726 0.01965252793447021
727 0.019788321555622136
728 0.020956615571960126
729 0.021995116372118723
730 0.022273794325102177
731 0.022394845717503418
732 0.022318161152328868
733 0.025568449557254142
734 0.02529313159461086
735 0.02370228532342494
736 0.022964342007022454
737 0.023766953426312024
738 0.023359080951317827
739 0.023269059431088417
740 0.023517201005976297
741 0.02444169461390147
742 0.024988897421075924
743 0.028024357495768103
744 0.021074172671181543
745 0.022372499624602808
746 0.022560947153150157
747 0.020897297587893958
748 0.02149511052783105
749 0.022391167830261245
750 0.022353358369279746
751 0.02255351482404053
752 0.022412393403416945
753 0.022480880709863024
754 0.02161566328406451
755 0.046068493553417904
756 0.029539831395461867
757 0.023249198092575557
758 0.023396761282580406
759 0.024115744493741455
760 0.024217573300913526
761 0.027191034979717137
762 0.02975722749778209
763 0.03084128914823014
764 0.029841150176139277
765 0.027670396701110066
766 0.02493762551656498
767 0.02419729634705076
768 0.02415394292836912
769 0.028151771957482932
770 0.027056968807145757
771 0.027497102310722422
772 0.02625323389679621
773 0.02104865735675732
774 0.022794057708457372
775 0.022691875126020642
776 0.02326460029125072
777 0.02251098728627053
778 0.022720886028214416
779 0.02309788902522988
780 0.022947584638627627
781 0.02384834461278397
782 0.028445917980802187
783 0.042365832976316214
784 0.019408148655830355
785 0.021575658836456346
786 0.027251880921601003
787 0.026109376784269132
788 0.025561664812326457
789 0.023247790646726687
790 0.023647425857202288
791 0.024230876465096828
792 0.025020654070689884
793 0.028354934299606567
794 0.037512143273031845
795 0.03449507406879002
796 0.038190963821517265
797 0.024587043637277293
798 0.023769921662322342
799 0.023755621981900732
800 0.024357259706146318
801 0.031256101189189325
802 0.021715874891626807
803 0.02266408197500385
804 0.022044355420443855
805 0.022638957409553642
806 0.022469334212059763
807 0.022419879105602225
808 0.022199385733562203
809 0.022437536423129227
810 0.025090941327448255
811 0.024353319421369247
812 0.02457081526464563
813 0.021074999807093004
814 0.03698571017985994
815 0.03477598766931538
816 0.0279817808399994
817 0.030580356989385153
818 0.028947367801745148
819 0.02835991511956871
820 0.02680370021377388
821 0.02098860540814912
822 0.022753227790358706
823 0.02328919193416102
824 0.023005840929872554
825 0.02258145754494823
826 0.02310495976805266
827 0.023539461825743985
828 0.023727287586321772
829 0.022780779072499792
830 0.023177854165095792
831 0.02384339273321543
832 0.023714668740044867
833 0.02310371352011305
834 0.023031004748233202
835 0.02325791157990083
836 0.0237809234553626
837 0.02809667686607222
838 0.022169018255524597
839 0.021828005595093524
840 0.02257047418080705
841 0.022526795584616493
842 0.021614077465226957
843 0.02217197143882758
844 0.03442315540057422
845 0.027162510003277338
846 0.027815639234246375
847 0.03195812309418491
848 0.031649513480882616
849 0.026044273854795692
850 0.02616609705019969
851 0.02503928535108885
852 0.02411695323183169
853 0.022989071906517847
854 0.022761395783630185
855 0.022524314782176213
856 0.02284663421841705
857 0.022686649826240902
858 0.022678406493184193
859 0.023134748555725258
860 0.022064494973335347
861 0.03565373002707023
862 0.023768514770687907
863 0.024503781315271818
864 0.025457768596193538
865 0.023917120283815253
866 0.023527147116030257
867 0.023437278394554777
868 0.022776566119215812
869 0.02265393865402227
870 0.02246111912250081
871 0.02245279764953837
872 0.022841925896940448
873 0.022817244041827472
874 0.02343589279598885
875 0.02468198124993448
876 0.026009948754655548
877 0.02267593172713332
878 0.02330187832182386
879 0.02190069997622244
880 0.02212415205438747
881 0.02168655856294863
882 0.022447494859067687
883 0.022724724267510335
884 0.02336799050775701
885 0.025526033244241967
886 0.033931099812086224
887 0.02501051702129409
888 0.022607479287887613
889 0.025148405780364234
890 0.02537781697623108
891 0.025008831933485246
892 0.0239529252573119
893 0.02750114066926127
894 0.027371179964516542
895 0.02651386014697764
896 0.025241371866746177
897 0.027257279629343458
898 0.027464492896953643
899 0.026749583879650617
900 0.02645420221880034
901 0.027106871427750093
902 0.026375011681480806
903 0.025344510031978833
904 0.025233590031649093
905 0.026223359236365987
906 0.026788176162255147
907 0.027015795571429184
908 0.02594108191569164
909 0.028601764084519938
910 0.02511579563722596
911 0.02152760529321568
912 0.02058545999609669
913 0.025381208222743767
914 0.024150661706772575
915 0.028385090953241054
916 0.028234606220257818
917 0.025073492472932557
918 0.025625232410395063
919 0.026678282994691993
920 0.026934529205811745
921 0.026665734871014125
922 0.026980542320901885
923 0.02751253121201406
924 0.027559568130089442
925 0.025257623006936396
926 0.026189425014359204
927 0.026969582272347074
928 0.027908861717896832
929 0.026264793647539423
930 0.027453705287236403
931 0.02751751157414833
932 0.028594193871377214
933 0.02484903761946382
934 0.023926153728007715
935 0.023978774902825673
936 0.024112981991527487
937 0.023985984841264928
938 0.024830944658422893
939 0.025499609333450794
940 0.026653175542240334
941 0.029225161773718797
942 0.02609015991021093
943 0.024111280736777145
944 0.024684941226838245
945 0.025704481294707853
946 0.02847566698550061
947 0.02798194531759713
948 0.026675463266337435
949 0.030284857529553972
950 0.025563682826357268
951 0.026560898168247745
952 0.02695205048292172
953 0.02803534243203729
954 0.027027779497907415
955 0.027260839111381607
956 0.0264482078117006
957 0.027964511262647956
958 0.027246237692248286
959 0.027710173276309816
960 0.027119138222119917
961 0.025147678003255028
962 0.026853543618223518
963 0.026774595689271475
964 0.02749958631982729
965 0.02789957849754655
966 0.022558755134689433
967 0.02802388864254118
968 0.02490198078841889
969 0.02679488469986783
970 0.02675167953134386
971 0.026013179295853523
972 0.02589504217044879
973 0.026306117103155748
974 0.025276405450826222
975 0.024125365557710672
976 0.02343548884259693
977 0.026927380682536486
978 0.026632882189483884
979 0.0272557691202784
980 0.02676334155903925
981 0.027945939752242195
982 0.02770202248301415
983 0.027532910403989082
984 0.028004330712358298
985 0.027231836223092016
986 0.027283827875352572
987 0.027286025129928677
988 0.027411970941596663
989 0.023471458449926066
990 0.023302132007093326
991 0.02290807316184043
992 0.023641571504122702
993 0.022410179403090758
994 0.021973673903855285
995 0.02177641464328174
996 0.022482395667038434
997 0.025192125091265498
998 0.026257608252603946
999 0.026946618171042692
1000 0.027342102329535198
1001 0.024793708398218643
1002 0.02610903543104282
1003 0.02584962362048068
1004 0.02659429551133115
1005 0.02585303151274538
1006 0.02629084199058804
1007 0.026582771949774795
1008 0.02678863980296247
1009 0.024632696617472593
1010 0.026093871445068223
1011 0.028491988921503206
1012 0.031191958503178706
1013 0.0332215898403408
1014 0.030810739874736304
1015 0.02937971686913627
1016 0.02885459477349564
1017 0.028581674504236147
1018 0.02846024635539491
1019 0.028151399106477706
1020 0.027943745386842418
1021 0.028458288672258004
1022 0.028184049647196893
1023 0.02801738455770562
1024 0.027578658854186793
1025 0.032302478118048594
1026 0.027963438989935124
1027 0.028025192479111963
1028 0.02734971011223084
1029 0.028549483777417388
1030 0.028029620378319478
1031 0.02794961398466782
1032 0.027539799813316213
1033 0.026193064175075026
1034 0.026047358791119926
1035 0.025839173427722472
1036 0.02599556260869363
1037 0.02871830640807214
1038 0.02862906063587329
1039 0.028029724129105857
1040 0.027629462544436694
1041 0.03583720148258214
1042 0.025237939126407514
1043 0.026101266216416813
1044 0.026880908719612018
1045 0.023185879816277486
1046 0.02411482532369311
1047 0.024013472219052916
1048 0.024735785186428338
1049 0.022913953424156332
1050 0.023151835471832412
1051 0.023030276254710606
1052 0.02231631160962346
1053 0.025293466342841235
1054 0.02353463727443758
1055 0.023357239398095916
1056 0.022275582586920733
1057 0.022792826811637332
1058 0.02217721444434218
1059 0.022266448248419494
1060 0.022945596812919886
1061 0.02495081985280289
1062 0.024891275207403626
1063 0.025500883838322465
1064 0.025808821915448248
1065 0.024173925702956383
1066 0.02445017006746187
1067 0.0248517485066598
1068 0.02586420111961739
1069 0.033782016980194396
1070 0.030451075955675762
1071 0.029491256097065967
1072 0.027978298059101497
1073 0.029500000409755412
1074 0.028188347453435528
1075 0.028120131955683806
1076 0.025715980659262238
1077 0.029295033103358736
1078 0.02707059669379891
1079 0.02584338836567495
1080 0.02478660573619161
1081 0.032835374622850445
1082 0.03531424356276215
1083 0.030838135036092514
1084 0.0290843619233055
1085 0.03390984257367274
1086 0.03665784842244663
1087 0.03758879502183969
1088 0.04292153520203836
1089 0.027773422915921935
1090 0.026867278415104435
1091 0.027070387213591517
1092 0.025647857719041038
1093 0.16084371976954565
1094 0.14978639038458708
1095 0.10019521688359462
1096 0.060181123431961664
1097 0.03962024221946064
1098 0.03153809674761022
1099 0.03121022516355404
1100 0.031130688522445778
1101 0.02964000927911485
1102 0.03160235975266499
1103 0.03174016637461171
1104 0.0330467466277663
1105 0.029932922962522177
1106 0.02892784055843752
1107 0.029701581210639295
1108 0.02977839633784239
1109 0.028687468439143243
1110 0.031752011272604845
1111 0.043789786993870566
1112 0.033993470697484554
1113 0.03197272061913418
1114 0.03446559560696215
1115 0.03316609361569997
1116 0.033474640367710834
1117 0.032293794039499585
1118 0.03433157323079964
1119 0.03439790293858728
1120 0.038007507507618596
1121 0.029731537305931113
1122 0.03338035711899495
1123 0.0460786170119266
1124 0.062060193306620395
1125 0.02261956129250611
1126 0.022157503403363765
1127 0.022424359155952166
1128 0.022461183064646232
1129 0.02600406616100577
1130 0.027324034225366292
1131 0.027542191246409803
1132 0.027708359970759967
1133 0.034168776800527885
1134 0.03711907610151586
1135 0.03602551474495623
1136 0.031082369494664072
1137 0.06810808453043932
1138 0.028771395752054965
1139 0.02850959577231002
1140 0.029039648049660433
1141 0.03339384503562435
1142 0.03912195283570439
1143 0.04016866021263873
1144 0.04381071732878519
1145 0.030893570759757474
1146 0.02569085195459028
1147 0.02571617191187053
1148 0.026340296797282545
1149 0.04896032348681506
1150 0.06327530885496965
1151 0.0357602182784045
1152 0.030761525770990766
1153 0.34781930907688907
1154 0.23988842783357256
1155 0.1788310850802775
1156 0.1232257748696549
1157 0.07917727708068255
1158 0.21876573483934916
1159 0.23589287065281903
1160 0.254468325096983
1161 0.29157566353134595
1162 0.158559442068026
1163 0.11370322834287651
1164 0.08338816870535667
1165 0.05683331739170904
1166 0.05003492790440494
1167 0.03145470227954179
1168 0.02535807441148304
1169 0.0883550332827664
1170 0.0703645332746037
1171 0.06712786720502079
1172 0.05838008759259104
1173 0.08045910147067496
1174 0.07663529491132075
1175 0.07595738179293925
1176 0.06930838618285531
1177 0.12037096983508286
1178 0.10608954068401098
1179 0.10091151801534946
1180 0.08894140106201714
1181 0.030921034616374004
1182 0.1285035856352483
1183 0.13152221495168873
1184 0.15104115282904557
1185 0.043391262543753896
1186 0.07385291672237305
1187 0.08950329431829768
1188 0.10829534780144472
1189 0.03359189134140743
1190 0.10214649074303936
1191 0.12091659041768696
1192 0.13632319815424926
1193 0.04817608059843323
1194 0.06512073849578463
1195 0.09958073269757534
1196 0.14628791589857534
1197 0.05865741102134743
1198 0.046899117093172245
1199 0.04959618262329771
1200 0.08041318264144791
1201 0.04135019286710723
1202 0.06365749552983815
1203 0.1003412075729098
1204 0.14821202883371104
1205 0.03417782293278173
1206 0.03626482319319787
1207 0.04753833702354169
1208 0.06105805282112223
1209 0.08701430579750175
1210 0.09852456378760771
1211 0.11061916060345457
1212 0.10534028495998674
1213 0.1425800748219372
1214 0.0885926004292649
1215 0.07215074698989372
1216 0.056957349945117565
1217 0.05863033617114621
1218 0.05760817370877893
1219 0.06518493620604762
1220 0.07090557426039529
1221 0.06872259704805109
1222 0.16133367883429092
1223 0.20008362381478634
1224 0.24168857692797363
1225 0.12943633956576042
1226 0.12941603400609883
1227 0.11365875436147747
1228 0.10461934019285604
1229 0.05409692929468635
1230 0.053816756197602116
1231 0.049572589741830084
1232 0.045123038610431807
1233 0.1453798306138223
1234 0.15420869001784931
1235 0.13920570393569498
1236 0.13249219688804553
1237 0.08751188578190762
1238 0.05723143464129347
1239 0.03421845113400655
1240 0.026488550793718032
1241 0.20798587118377276
1242 0.15109779681853192
1243 0.15180508561437828
1244 0.13161830415139017
1245 0.08213348273637504
1246 0.08309309261217707
1247 0.12241800330607369
1248 0.15290284196839643
1249 0.0745035484261391
1250 0.08818445156514725
1251 0.0893876824616394
1252 0.07975982477255808
1253 0.04341626453498344
1254 0.044616337212187315
1255 0.06367236893299814
1256 0.07294050989387708
1257 0.0799049188180064
1258 0.0759235844737858
1259 0.06443954144288115
1260 0.05865980235526492
1261 0.1303041596603921
1262 0.07151884550980692
1263 0.04605363075143778
1264 0.027826629861076927
1265 0.24582495307952595
1266 0.1972221731392241
1267 0.1749906496043669
1268 0.14590697233607075
1269 0.0582443280162456
1270 0.16370314519759852
1271 0.19893685429274882
1272 0.211754681071847
1273 0.060731110232935766
1274 0.05781627638013794
1275 0.08795365050404153
1276 0.12460358296442905
1277 0.02955115359400828
1278 0.071943111375561
1279 0.08526669841434789
1280 0.10613481732705544
1281 0.030864194125861253
1282 0.08596241197635701
1283 0.09874527024304534
1284 0.11595542010578093
1285 0.1246952277602966
1286 0.08810730485061505
1287 0.07662624735681142
1288 0.05061477269780734
1289 0.05770516823590506
1290 0.03951348355083849
1291 0.04376435002445097
1292 0.04898231723505323
1293 0.15672071131105839
1294 0.24236692775519172
1295 0.24758058213082915
1296 0.26038396724726814
1297 0.062029661696976796
1298 0.06900275156927985
1299 0.11308279477405131
1300 0.14899897518164676
1301 0.3339987630239378
1302 0.3389581184574514
1303 0.31681040901554286
1304 0.2663806808239266
1305 0.07002190837686088
1306 0.0517280035488977
1307 0.04996331125335343
1308 0.04788222946183414
1309 0.15334888035206365
1310 0.26242641384940835
1311 0.2787653143008664
1312 0.281554717699756
1313 0.27433381337395296
1314 0.06511518562259674
1315 0.03626781940498858
1316 0.05944983753798307
1317 0.21537261258592544
1318 0.2124760400459511
1319 0.19484019910088804
1320 0.16699115138870985
1321 0.0748490854700642
1322 0.04530499321835867
1323 0.03635779501234062
1324 0.03211626371095342
1325 0.033811804758823186
1326 0.029408283438487722
1327 0.04844748194844902
1328 0.059590688176319476
1329 0.2580508623889337
1330 0.2994017844717665
1331 0.26090378270102654
1332 0.2330147745747591
1333 0.04722963508212833
1334 0.03351139998535257
1335 0.039127634053696514
1336 0.044976516181075225
1337 0.03258123861848444
1338 0.07892938861774412
1339 0.10405326512027153
1340 0.12799870008281675
1341 0.05650711558857598
1342 0.07532255506374645
1343 0.10165339715752238
1344 0.12303565669714497
1345 0.171478551546569
1346 0.09939359407412232
1347 0.06143136837270017
1348 0.05049793643380958
1349 0.22966083269631657
1350 0.18116265880047042
1351 0.16261766957395163
1352 0.13298823029440085
1353 0.05274664218595953
1354 0.0475750966660555
1355 0.07066768044148858
1356 0.08870378914484196
1357 0.03755814699087273
1358 0.06495998977056014
1359 0.08729512021121336
1360 0.108999351077962
1361 0.04685397982040376
1362 0.05026529537312313
1363 0.049054674880437306
1364 0.04775739074199093
1365 0.13436915986689585
1366 0.19760856914736358
1367 0.19180733305508846
1368 0.18824916836335354
1369 0.1179242581036134
1370 0.03110986917394295
1371 0.028466775508854392
1372 0.02790707115803811
1373 0.1344390085932446
1374 0.1172398609076004
1375 0.13028393392537968
1376 0.12441345097259632
1377 0.037458296826557665
1378 0.14616142097576743
1379 0.18080845965552308
1380 0.19668750993101256
1381 0.23171076508800262
1382 0.21096586269756157
1383 0.18783763057810607
1384 0.16142718901515118
1385 0.04182024196515906
1386 0.11126388991163166
1387 0.10876184717643046
1388 0.0993319299759867
1389 0.11069504535429088
1390 0.07882607294464827
1391 0.07191849874612556
1392 0.06278067103555555
1393 0.044427043105006364
1394 0.09077488300721878
1395 0.09603074542587985
1396 0.10825123451515085
1397 0.05737179990930608
1398 0.04531822545812995
1399 0.06250311493384535
1400 0.08944033745354969
1401 0.046015679227533864
1402 0.08306572529703218
1403 0.0978295396927314
1404 0.11278757605592733
1405 0.09748499402936783
1406 0.0689156943069794
1407 0.11999366104659644
1408 0.1585393109544633
1409 0.05924687590251025
1410 0.1097258274671534
1411 0.15570245883248962
1412 0.201597560615844
1413 0.032208768862234886
1414 0.13392436712989456
1415 0.16558348805079953
1416 0.21136219595437722
1417 0.16971676289980037
1418 0.10578973414330754
1419 0.09428402675557947
1420 0.0703028164980939
1421 0.043461347877036746
1422 0.050000370003474306
1423 0.043661714879131654
1424 0.039637418783224465
1425 0.06670904840761414
1426 0.07840949021669705
1427 0.057242566959333566
1428 0.05195771948977632
1429 0.11579884940897313
1430 0.18782187393539623
1431 0.1885943422998218
1432 0.19078709950522427
1433 0.07235348079748777
1434 0.06353786641810323
1435 0.08395221093105308
1436 0.10731048765789347
1437 0.06592661615612205
1438 0.03133632493037145
1439 0.030295207346856663
1440 0.0298910010065966
1441 0.03427696786731959
1442 0.042356526655100146
1443 0.038421012727128605
1444 0.034196274385627556
1445 0.04137096847385985
1446 0.07935955851839813
1447 0.0536627354241865
1448 0.044119034313071626
1449 0.032379719693236726
1450 0.07938752875755024
1451 0.10052439415711759
1452 0.1177084852138533
1453 0.11714205209075419
1454 0.04252696477062279
1455 0.04536466656885102
1456 0.06242675649885836
1457 0.05612544727235807
1458 0.0922573985320294
1459 0.12476741939531684
1460 0.1457681531710839
1461 0.1909673976535581
1462 0.1407950366963066
1463 0.11695039781280163
1464 0.09347666404819974
1465 0.06928653793172264
1466 0.09218162948516215
1467 0.10891293467439815
1468 0.11638206281121165
1469 0.10062064619637977
1470 0.051531885919875495
1471 0.03471982510812732
1472 0.0312874283458789
1473 0.06737047018974986
1474 0.02400674636620247
1475 0.0286617960394374
1476 0.05821957518349748
1477 0.055020470503527784
1478 0.09411391749421229
1479 0.10873086925739342
1480 0.12621375836950494
1481 0.05623046153812872
1482 0.16263457640815135
1483 0.1845556000900809
1484 0.20946035049999426
1485 0.08632117007561013
1486 0.03591589468723528
1487 0.03952653819070104
1488 0.0444406197870533
1489 0.0346439788416551
1490 0.026155819934535026
1491 0.026988063557218268
1492 0.036342654196008704
1493 0.19830041231342865
1494 0.08291985474582263
1495 0.06048154193878515
1496 0.043957103647980646
1497 0.13937649771567875
1498 0.09143894358360481
1499 0.053498956185031026
1500 0.04368430911526233
1501 0.22255791071303457
1502 0.22533803938221292
1503 0.22212094067867502
1504 0.20550774161183724
1505 0.03443784056313276
1506 0.091203820991279
1507 0.11970144256345863
1508 0.13838557075034885
1509 0.030657094025710166
1510 0.05780886818943039
1511 0.07965431906012194
1512 0.09724288439543348
1513 0.04503648998180305
1514 0.04711802537147754
1515 0.04705498915539639
1516 0.045515358685467695
1517 0.068710299060417
1518 0.14025613159651737
1519 0.14024883674226082
1520 0.14938723765212844
1521 0.048885657923293954
1522 0.032414162442161665
1523 0.03413521175542896
1524 0.03530024947489708
1525 0.060317993882222816
1526 0.11860148320426638
1527 0.14420890710449724
1528 0.163895260100181
1529 0.15959255101468603
1530 0.1106400610928216
1531 0.09549265059065419
1532 0.08069206439869403
1533 0.041388734711240265
1534 0.037967875158349866
1535 0.03911100874511159
1536 0.03998982471883491
1537 0.10382881943010962
1538 0.17302425424958598
1539 0.19919638160937783
1540 0.22132388647634915
1541 0.20217860541600993
1542 0.09804979007556225
1543 0.06859430707796742
1544 0.056996952198394374
1545 0.056643124834930475
1546 0.052267401464651725
1547 0.053694996505375736
1548 0.05403173893163821
1549 0.06177609056613823
1550 0.06136999664531505
1551 0.0610723370536385
1552 0.06080931754396499
1553 0.05735149978603046
1554 0.057649318601001975
1555 0.05779167068460679
1556 0.05717632866002085
1557 0.03303428072427909
1558 0.028910880643116265
1559 0.031090263107748487
1560 0.032058265800614556
1561 0.02909701959833365
1562 0.027646378893684515
1563 0.028618744808282782
1564 0.028722331008773916
1565 0.06073953862415094
1566 0.05690273622467522
1567 0.05598051374520272
1568 0.051812495846445636
1569 0.05365249442453586
1570 0.07285681833881534
1571 0.0795724671674268
1572 0.0931317940297984
1573 0.10493244648585862
1574 0.07454580385666207
1575 0.0691824663422304
1576 0.05955883655717326
1577 0.05605467597892673
1578 0.09732651769455608
1579 0.11049730058877263
1580 0.12149716039343887
1581 0.05292680829583388
1582 0.03497666675289753
1583 0.04835660060789755
1584 0.0683627447254283
1585 0.1873154623214856
1586 0.1730088941107285
1587 0.1657176447930796
1588 0.15231140553918798
1589 0.11915203847335337
1590 0.07464405718244839
1591 0.06390394839159039
1592 0.051658689783174436
1593 0.03943617209936417
1594 0.04366069375635153
1595 0.04434471513550375
1596 0.04429759330942978
1597 0.17013196391233223
1598 0.20655057340340463
1599 0.2072416482235448
1600 0.20796825717929457
1601 0.054786600261033554
1602 0.04200083221871019
1603 0.04300956297947168
1604 0.04271392398025947
1605 0.07161068014570986
1606 0.0955663440764613
1607 0.09260630394376577
1608 0.08212891509203928
1609 0.06922498002772272
1610 0.07184187107172536
1611 0.07132636424162389
1612 0.06913327091495013
1613 0.045323793020319574
1614 0.03901145144653984
1615 0.045925045699110316
1616 0.06095384017729776
1617 0.056123778685787766
1618 0.06407410742135528
1619 0.09033794361982757
1620 0.1160540501037363
1621 0.06569377461661047
1622 0.08340323954562591
1623 0.11342575840338943
1624 0.13095229480848425
1625 0.20852761660986702
1626 0.15333271660540287
1627 0.13449105366687095
1628 0.1101263553912491
1629 0.029670665931101556
1630 0.07642832749140674
1631 0.09642821693430423
1632 0.11353423714939395
1633 0.07045747094995682
1634 0.02381916112402838
1635 0.02468688793588244
1636 0.0308378629794531
1637 0.033815538144934376
1638 0.034813730923897834
1639 0.04076708668090842
1640 0.05783101634189886
1641 0.03706193905973856
1642 0.12322554637460684
1643 0.14495963397842315
1644 0.15959052425880277
1645 0.13651356067166415
1646 0.07624407989076405
1647 0.05408802064742183
1648 0.043707665556727476
1649 0.08159662273200687
1650 0.15824465998524118
1651 0.16216638478188042
1652 0.1682169392420877
1653 0.1726210811038258
1654 0.16487666631956294
1655 0.15421528537834983
1656 0.14229630066996238
1657 0.06331232316927507
1658 0.06446029121924035
1659 0.06122364953938269
1660 0.05767716815802228
1661 0.0502583417320022
1662 0.0489808854907831
1663 0.04929361313545173
1664 0.048391100535255985
1665 0.05755070775865631
1666 0.07190756636595234
1667 0.08776223879405344
1668 0.09833839924309988
1669 0.09758372712520061
1670 0.06204966243349028
1671 0.11568293567097417
1672 0.16104144629848385
1673 0.0491308745605952
1674 0.13356923648051242
1675 0.15216619997331118
1676 0.16532751427059658
1677 0.06850121025032627
1678 0.060692781112116845
1679 0.09236858222362529
1680 0.12164770214010233
1681 0.04011617164211366
1682 0.1787818807966757
1683 0.2007069228273889
1684 0.2177117652206336
1685 0.22492527910666008
1686 0.03767826302706368
1687 0.10098403618891523
1688 0.17155596000122783
1689 0.30639298374709356
1690 0.2628804884977073
1691 0.24070305482095652
1692 0.2235439764530746
1693 0.1193259686261189
1694 0.11954614257235323
1695 0.11736648223793268
1696 0.11936580697367143
1697 0.048631513403848955
1698 0.054520172047450084
1699 0.04954316128998803
1700 0.048737536105201144
1701 0.08267781114284102
1702 0.0440880706099833
1703 0.04248554961420471
1704 0.04228723765021141
1705 0.08703138682145313
1706 0.045204615880948276
1707 0.04133008649447194
1708 0.038227145356950015
1709 0.04865368984972512
1710 0.11357707233919137
1711 0.12316840853329442
1712 0.1336800681143472
1713 0.04442494323937435
1714 0.046469720900678725
1715 0.047764990584377116
1716 0.047896495429428185
1717 0.04516813483251406
1718 0.0608530442965665
1719 0.06944329170075571
1720 0.07533683766999351
1721 0.06953110095586171
1722 0.04608632458978069
1723 0.04577802456593744
1724 0.0341826581699716
1725 0.028195384492769298
1726 0.03836934037117155
1727 0.04303728599844091
1728 0.05032494215426479
1729 0.05552547495870911
1730 0.0557593663060231
1731 0.05535010826360557
1732 0.05210219746655024
1733 0.0509351826969782
1734 0.05792794080082845
1735 0.06198608802617576
1736 0.08890848330813507
1737 0.038118164575338266
1738 0.03616319898697295
1739 0.034704951489997096
1740 0.03380042450693112
1741 0.15155659615935926
1742 0.11427144020441886
1743 0.10612790275361342
1744 0.08656620071467734
1745 0.06685391937244752
1746 0.04756180382274177
1747 0.04518950228987231
1748 0.04131202421417362
1749 0.09101215807726484
1750 0.08693917368679634
1751 0.09064604130285095
1752 0.091692810303025
1753 0.1474841411664009
1754 0.22157566906064588
1755 0.23778585059876536
1756 0.2544931362572989
1757 0.18173354212642742
1758 0.11993832393376852
1759 0.10169530894495998
1760 0.09505138190525254
1761 0.09898319248375483
1762 0.12705918397204674
1763 0.12666761830515483
1764 0.13409773558423646
1765 0.07953652709334762
1766 0.06076139674412494
1767 0.054310876496698336
1768 0.05329199333902825
1769 0.037023958739031144
1770 0.03551513011732605
1771 0.03264010806109625
1772 0.03702300631696035
1773 0.11200008218587736
1774 0.06372886680811228
1775 0.05091869978492087
1776 0.04786058589659816
1777 0.04972121661205037
1778 0.0526718182094981
1779 0.06258905275520021
1780 0.06888464473961382
1781 0.0981319408505564
1782 0.08825959520052137
1783 0.08352318113959227
1784 0.09154422495559814
1785 0.10070499178605521
1786 0.1293055606469251
1787 0.13943388486903854
1788 0.14284314928723474
1789 0.05588001315456197
1790 0.06411487725138525
1791 0.06625482094756348
1792 0.06768183004346075
1793 0.09007886342540171
1794 0.09399716342549425
1795 0.09034097424583445
1796 0.08774923307623689
1797 0.1636326357848099
1798 0.09692144363643673
1799 0.06628806271164649
1800 0.05924465314270031
1801 0.056580009907476844
1802 0.05273489230572743
1803 0.0524465190840203
1804 0.05430669727714101
1805 0.05265502803508605
1806 0.029118198320499156
1807 0.029815125414609213
1808 0.044412640688489866
1809 0.05345208446854193
1810 0.05546136336407266
1811 0.052943440508228454
1812 0.0520762999479093
1813 0.13863529592387033
1814 0.14966157168376776
1815 0.1414374951561178
1816 0.12986592895558946
1817 0.07018032280008997
1818 0.06697532851405907
1819 0.06417919583993995
1820 0.06606923777672448
1821 0.14108840270040574
1822 0.180231259599271
1823 0.18518663594463225
1824 0.18613437331841942
1825 0.15994464490531937
1826 0.13062360849577126
1827 0.10678651589653328
1828 0.08644674787401639
1829 0.22775121373391488
1830 0.2953244041481309
1831 0.30394785190574647
1832 0.30273053306634434
1833 0.3193458293636829
1834 0.2850184864248298
1835 0.25425992080338405
1836 0.21452846357384278
1837 0.11055520402499133
1838 0.2463324713388107
1839 0.27694338973142973
1840 0.29699548926187214
1841 0.33065923817100334
1842 0.2722311783521214
1843 0.24295186956166293
1844 0.21155888457881905
1845 0.07573978127192112
1846 0.23487629842559396
1847 0.27308515090893953
1848 0.2998851831024577
1849 0.3684471367786845
1850 0.3239257114867949
1851 0.2889880232159549
1852 0.24293095757327116
1853 0.04808648660928087
1854 0.07834290983566268
1855 0.11297769457606344
1856 0.13472357611380512
1857 0.2881713465595372
1858 0.2941185862438675
1859 0.27343404926025944
1860 0.2542542436279858
1861 0.12153887468540821
1862 0.09533832653574022
1863 0.08753934524131013
1864 0.08386297078937974
1865 0.11704964450998469
1866 0.19095237887597705
1867 0.18576065555074603
1868 0.18238001751726043
1869 0.08618524376612095
1870 0.08697649349800905
1871 0.0903366619993944
1872 0.09309931606598394
1873 0.2017602002892005
1874 0.2794763448086549
1875 0.27061032851533073
1876 0.2634168476301841
1877 0.11809598054224071
1878 0.04241252083504836
1879 0.039923499631221826
1880 0.040818247932227464
1881 0.1623477048106991
1882 0.08948581630267143
1883 0.06869173667370827
1884 0.04894885699472004
1885 0.03121228046271666
1886 0.0344638230685742
1887 0.04721059147221763
1888 0.052666404250474586
1889 0.06848588376801244
1890 0.039748832882784454
1891 0.05224441107565272
1892 0.07526820943422657
1893 0.056173479846167065
1894 0.07548407208703697
1895 0.07575695926775632
1896 0.07885743808226978
1897 0.09184433324847395
1898 0.13722147290789793
1899 0.14826541244446745
1900 0.1554052960592587
1901 0.046838902027949145
1902 0.12584934586383323
1903 0.1430154365471632
1904 0.14993505043027305
1905 0.1302953528847185
1906 0.0761558623685923
1907 0.06427931940702675
1908 0.056698102746927576
1909 0.2093430393863251
1910 0.28868574618262205
1911 0.29736231450635814
1912 0.29432884186564
1913 0.23454782711306085
1914 0.16601727906472424
1915 0.14047960048488356
1916 0.11704260617053741
1917 0.12910680541779615
1918 0.17483175693498046
1919 0.17178437783175582
1920 0.1581891070552175
1921 0.12349756939970098
1922 0.0977408325500052
1923 0.09022776322128981
1924 0.08595049049057386
1925 0.040102108091662876
1926 0.11477620369525036
1927 0.12283623084723765
1928 0.12572880299794292
1929 0.056296365286275074
1930 0.037101970663279894
1931 0.03517523793392765
1932 0.03569605892331915
1933 0.07129401297237793
1934 0.0922319161195444
1935 0.07947124194624999
1936 0.06365777993449809
1937 0.0940080770195293
1938 0.09962758696028783
1939 0.09243746242038255
1940 0.09014283993924038
1941 0.04962664310811335
1942 0.044638140724282786
1943 0.04185093845846991
1944 0.038662554102256795
1945 0.07026325186809856
1946 0.14964189317970855
1947 0.15916002595576662
1948 0.16913385592597072
1949 0.08806830237038753
1950 0.039532791135092116
1951 0.04088354681261243
1952 0.03970593514062247
1953 0.045592929890346655
1954 0.06496116611807216
1955 0.06652596510056331
1956 0.07008058967029263
1957 0.06400321267912187
1958 0.06522355543162243
1959 0.09342955120390943
1960 0.11438120365418936
1961 0.08941939134744871
1962 0.056432891214658755
1963 0.05456646011766444
1964 0.056693055403587315
1965 0.054724189041931014
1966 0.10016914426269878
1967 0.11852876669487886
1968 0.1378985612621776
1969 0.09215660550280963
1970 0.04434812415752782
1971 0.03142175677757431
1972 0.028602397200836068
1973 0.05308406607067504
1974 0.09411896932617383
1975 0.09651055425504726
1976 0.10020385797126115
1977 0.10948743427256989
1978 0.13320880119023443
1979 0.13069937508923332
1980 0.1349745756331665
1981 0.12282493993171525
1982 0.05119710286743856
1983 0.04159005737520366
1984 0.034391600310276806
1985 0.059153764836334374
1986 0.08304920377821169
1987 0.08488920869767815
1988 0.08664477230689573
1989 0.1216197291561008
1990 0.18311557992076202
1991 0.19122818771063274
1992 0.19632945586457376
1993 0.14075863234324112
1994 0.09220265505013656
1995 0.08063432546570762
1996 0.0694096663361085
1997 0.06755400209462506
1998 0.09526955857092737
1999 0.0970654176297422
2000 0.09735596796832069
2001 0.0785672665907602
2002 0.05402828138206231
2003 0.039580592041039614
2004 0.031776828434466026
2005 0.08257178786300946
2006 0.13850220286689302
2007 0.13703531522135398
2008 0.13424710706656742
2009 0.05121174611605722
2010 0.042377330659958724
2011 0.051836859919066745
2012 0.061829781157328956
2013 0.10428983423210722
2014 0.1591100150575789
2015 0.16439102995477367
2016 0.17179205760614713
2017 0.06082116302287996
2018 0.05467078724866138
2019 0.05527713520809511
2020 0.057113786061868996
2021 0.052372022510570805
2022 0.07189422979722741
2023 0.07975090489355473
2024 0.08434403028481441
2025 0.22619766344315437
2026 0.1942956631604955
2027 0.15984590166644524
2028 0.10841381841096234
2029 0.06996774885953302
2030 0.07306574858111273
2031 0.07286924592509043
2032 0.06966929476046733
2033 0.16055833689705581
2034 0.08810942287128314
2035 0.06586889465846764
2036 0.053682529402291415
2037 0.06597782370520583
2038 0.06943323005345124
2039 0.07066199149645669
2040 0.06389785935633993
2041 0.09633199887030065
2042 0.044723996207076885
2043 0.08536882853382236
2044 0.13106791744144317
2045 0.03900611889328739
2046 0.04101221320811754
2047 0.040504914939542606
2048 0.04046541179551315
2049 0.031653916564155844
2050 0.1058328708551548
2051 0.13273970323846168
2052 0.1626792787840771
2053 0.037301551198494806
2054 0.0859462004589185
2055 0.09781987095886559
2056 0.11299617916062023
2057 0.14999352559261597
2058 0.21116415373041728
2059 0.23186181111230253
2060 0.2485863184582295
2061 0.13466030457339143
2062 0.0699057117800515
2063 0.0700247417030522
2064 0.06870257641468669
2065 0.07351343796694637
2066 0.17502815729231103
2067 0.2076377659298288
2068 0.23368497550201364
2069 0.2000245017237994
2070 0.14458456066095074
2071 0.1376164226611041
2072 0.12793547571173236
2073 0.049021947878545656
2074 0.06057289832409981
2075 0.0665090664628339
2076 0.07563414686032378
2077 0.07421987790800587
2078 0.07174089541258448
2079 0.07330203322617762
2080 0.07331218477928228
2081 0.06683868483648432
2082 0.12661181776647706
2083 0.14449468315934244
2084 0.15845308172476943
2085 0.10494275966831865
2086 0.1119156399048135
2087 0.11109455001203955
2088 0.10805553957740976
2089 0.0971281076424453
2090 0.0681826028399776
2091 0.06552202125215709
2092 0.06322368209816705
2093 0.05770315186131805
2094 0.06523122839077167
2095 0.06447151049062308
2096 0.06348506337124438
2097 0.08532135871016423
2098 0.07549289634049619
2099 0.07631405318136976
2100 0.07867592513684565
2101 0.09708907806369209
2102 0.10026091007499208
2103 0.10613608295474282
2104 0.11382279498947623
2105 0.05092860247625641
2106 0.05652650555693809
2107 0.06075590539776993
2108 0.06595581853464384
2109 0.06716950059821311
2110 0.06861099767049732
2111 0.06993792926173303
2112 0.07237741679884102
2113 0.13792794278343906
2114 0.20540588426475145
2115 0.2234311693916825
2116 0.23906993415433236
2117 0.28758189243001303
2118 0.24909137460494202
2119 0.24128136890298552
2120 0.22663276987067582
2121 0.11656331714644057
2122 0.10574699999873119
2123 0.10460864793723396
2124 0.10215157846708142
2125 0.1481908069545375
2126 0.1663150524287157
2127 0.1712799728058289
2128 0.1746332717975238
2129 0.10692349422930664
2130 0.09097761746723175
2131 0.08174550607706124
2132 0.07558760144445964
2133 0.12990123159731104
2134 0.14967679050821067
2135 0.14664473732325417
2136 0.1374726365460006
2137 0.08458715991083278
2138 0.06328288869024051
2139 0.06211167774095686
2140 0.0614398071322021
2141 0.10271596264184553
2142 0.10399262987403865
2143 0.10179105453530336
2144 0.0935660806718506
2145 0.07008830129305862
2146 0.11251313373829955
2147 0.11393887984942425
2148 0.11604305579095311
2149 0.05376878578390052
2150 0.0460284716567322
2151 0.044243911646671616
2152 0.04027829626185232
2153 0.10607185738462342
2154 0.16667463094517895
2155 0.16957990768944756
2156 0.16924541170461818
2157 0.13181275902616246
2158 0.06083029970506695
2159 0.05796729173376718
2160 0.05658195204569223
2161 0.07309136077185933
2162 0.1028055101553468
2163 0.10660771886489395
2164 0.1069620130368119
2165 0.062235730690120256
2166 0.04208460471312292
2167 0.032676516428931504
2168 0.03166646287986385
2169 0.07379000172881965
2170 0.11188955057100963
2171 0.11866633132183736
2172 0.11688220796365642
2173 0.15532918278758193
2174 0.17285260723857637
2175 0.15863501878273154
2176 0.14241908459783612
2177 0.0344658698303953
2178 0.08029505049079469
2179 0.1011223104658386
2180 0.1190169381201833
2181 0.21402690152083878
2182 0.26481706858508897
2183 0.2585921528209998
2184 0.25296366884459276
2185 0.1758367000818906
2186 0.08775357918734764
2187 0.07000033797178795
2188 0.06671254785771126
2189 0.08789250363515463
2190 0.09500812305042745
2191 0.09259553570096159
2192 0.08744468583179407
2193 0.08259655605848117
2194 0.06333292189038366
2195 0.05928499853339656
2196 0.05281438600782282
2197 0.06241397515764095
2198 0.10884975355991591
2199 0.11965777913489802
2200 0.13203630450838943
2201 0.062492714118523654
2202 0.05124941742723224
2203 0.044450039196951514
2204 0.03679494655773008
2205 0.03964745480086292
2206 0.06474083230680654
2207 0.06648163960466201
2208 0.06524561184884195
2209 0.059189334287989226
2210 0.05825797192708628
2211 0.06447692670262135
2212 0.0638890461453379
2213 0.09517043243721862
2214 0.05223688835782197
2215 0.04319021594328574
2216 0.03652762600178831
2217 0.0433301663276149
2218 0.08017763467590314
2219 0.10651282605901101
2220 0.13038863220421992
2221 0.16018835417947802
2222 0.21506076565620202
2223 0.22120061933350776
2224 0.22750477923355134
2225 0.13452682953000364
2226 0.04843476629000395
2227 0.030110371680156685
2228 0.027652557545827836
2229 0.1354522135712257
2230 0.11816366964921624
2231 0.08950941038371062
2232 0.06141778696322095
2233 0.07830465525403217
2234 0.038551387487674366
2235 0.05063372019147213
2236 0.07582419498424114
2237 0.05384306761554193
2238 0.03900970606169994
2239 0.03804497029725914
2240 0.03857251980669365
2241 0.03045332623180561
2242 0.03410750457158591
2243 0.03526866385672726
2244 0.03724499192792373
2245 0.07833464613662756
2246 0.12528669236717233
2247 0.12061118667429925
2248 0.11919493698266873
2249 0.07516473812893645
2250 0.058676631712592804
2251 0.06164906301052106
2252 0.07037344956082602
2253 0.03479206298533596
2254 0.07073931893685556
2255 0.0872034152858223
2256 0.10171030910869035
2257 0.038074257056976035
2258 0.08612646504423817
2259 0.10645511213919032
2260 0.12138558823341529
2261 0.07881884524457465
2262 0.07049207874079104
2263 0.06912317858650481
2264 0.06591317981251253
2265 0.04175168926419193
2266 0.0886073789412682
2267 0.1183543346914405
2268 0.15501447513189642
2269 0.1242515629743265
2270 0.038135486489307154
2271 0.038267356454642715
2272 0.04246741405060044
2273 0.09061711053107095
2274 0.1143243496357216
2275 0.11993416439888449
2276 0.10941455161564677
2277 0.11303041040366872
2278 0.09880030640397006
2279 0.08702380754594316
2280 0.06905988776537021
2281 0.10058410332322514
2282 0.12336919679675075
2283 0.13821567880747448
2284 0.15975379188501812
2285 0.2295494458177243
2286 0.2019317629312157
2287 0.1892411527780462
2288 0.17237284405445544
2289 0.0881049340949825
2290 0.09510638582601834
2291 0.09868535155110353
2292 0.10216350891703013
2293 0.11710303172636095
2294 0.10447958844566882
2295 0.09949389210472566
2296 0.09243935792447101
2297 0.07615180811223365
2298 0.05377318154887776
2299 0.05034378819753649
2300 0.04319616740012563
2301 0.09319474655287022
2302 0.12297449270299492
2303 0.12153562097539607
2304 0.1231780008119398
2305 0.09015172755100999
2306 0.08129497876139101
2307 0.06781475027083782
2308 0.04871831229501417
2309 0.03284088412496401
2310 0.03645101736492236
2311 0.04016803490153677
2312 0.04412000850492284
2313 0.0790662204018903
2314 0.11612105743290727
2315 0.13494898708802347
2316 0.15188328841825588
2317 0.04352030325987822
2318 0.05344259360821665
2319 0.05784484714169076
2320 0.06864289133765032
2321 0.15591088867624237
2322 0.12949095061895866
2323 0.11418456127402232
2324 0.09699983458732053
2325 0.09094432163490199
2326 0.07409011347700946
2327 0.06755996581752689
2328 0.06544048319755826
2329 0.13155441639437468
2330 0.1508052042749387
2331 0.14264622235517035
2332 0.13608894149641787
2333 0.0804981776123019
2334 0.08171385046911413
2335 0.07704862260661985
2336 0.07331236352148551
2337 0.06477262159724764
2338 0.16473956445223256
2339 0.18167074583126291
2340 0.19977749489863428
2341 0.16474525816667307
2342 0.09952021257486868
2343 0.08529993610802113
2344 0.08901071170424876
2345 0.12545525739574237
2346 0.18865404571655367
2347 0.1886971930175465
2348 0.19134382089388957
2349 0.06360601430537423
2350 0.1241816489952269
2351 0.1353015399860561
2352 0.14391319665265595
2353 0.15472700499974637
2354 0.06198864853790398
2355 0.05573059607706283
2356 0.0574524444513728
2357 0.17610553694256934
2358 0.1554042481860958
2359 0.15027403181426918
2360 0.13658059047196106
2361 0.2763363496993143
2362 0.3413590989293672
2363 0.3437751249441984
2364 0.3407460857507314
2365 0.15472688291741174
2366 0.06803925614182402
2367 0.09491516073969072
2368 0.15065794677041425
2369 0.31645987432848943
2370 0.2577354665029771
2371 0.22832629920570277
2372 0.19256575310083243
2373 0.06022108638314166
2374 0.058760317435338646
2375 0.061290371872969596
2376 0.06038577343251947
2377 0.2726558913528019
2378 0.36974111516290425
2379 0.3793321804967741
2380 0.3801534880377304
2381 0.32976549096365565
2382 0.18418107962503125
2383 0.11176188718002857
2384 0.08263127976207692
2385 0.2648061034911829
2386 0.3171017843808831
2387 0.30843254352305854
2388 0.29606757154084623
2389 0.1624459691972698
2390 0.15123160511240777
2391 0.15041629616892002
2392 0.14994826155858482
2393 0.041341375001683195
2394 0.11841240095034639
2395 0.14111964276922975
2396 0.15296362887386403
2397 0.23255044469157923
2398 0.18482442781890487
2399 0.1406973299996017
2400 0.10052826606583375
2401 0.12396645568373935
2402 0.18804891567731835
2403 0.17921132144685867
2404 0.17157220123591324
2405 0.13603904425891175
2406 0.17035701554068527
2407 0.17313907147550547
2408 0.18155496919889014
2409 0.06531939526237485
2410 0.0519172539228766
2411 0.05578142166282993
2412 0.06465336214316296
2413 0.18474709563463138
2414 0.14386572366767036
2415 0.11542649552711974
2416 0.08705544746228981
2417 0.061344613345677874
2418 0.06170979639250243
2419 0.060425332292623576
2420 0.051995368976199004
2421 0.1226974019110608
2422 0.09025561988250148
2423 0.08456429759905586
2424 0.08691887788254381
2425 0.10623996139792916
2426 0.11616685702522626
2427 0.11809390709082138
2428 0.12012788098336924
2429 0.04942112030517606
2430 0.0511621507358603
2431 0.05272654554808801
2432 0.04994080204555821
2433 0.05420071313514917
2434 0.0657875007990705
2435 0.06273079731106745
2436 0.06918144877536729
2437 0.08190381754726629
2438 0.15051799973540322
2439 0.15171868738094763
2440 0.15475785461090905
2441 0.2687886108333146
2442 0.30255852508230646
2443 0.3039655139252895
2444 0.2925652591796426
2445 0.08620090524818495
2446 0.06283440475002175
2447 0.06743542655046753
2448 0.07159811932400761
2449 0.14805895633374902
2450 0.17311838447536515
2451 0.16228104496219883
2452 0.14955834472726173
2453 0.04390273386961698
2454 0.10190287960158118
2455 0.11131199018529107
2456 0.12177031753269904
2457 0.13831086020936473
2458 0.11883747136081681
2459 0.11450474821410812
2460 0.10442471653056913
2461 0.0385386681873828
2462 0.057417509455716664
2463 0.06145955512640136
2464 0.07530333992542984
2465 0.0907533771671441
2466 0.19830159298348754
2467 0.20246107128731053
2468 0.20822898288899686
2469 0.11197746084777062
2470 0.03797921291602032
2471 0.05744191664701379
2472 0.08223688010757252
2473 0.08859504146142913
2474 0.05816462544499502
2475 0.050785686195532254
2476 0.04579481723080176
2477 0.05459395310712871
2478 0.1382651978391944
2479 0.1689271167151961
2480 0.19682390983412168
2481 0.09322063827256641
2482 0.03908120480646152
2483 0.04740444729627058
2484 0.07458661541577692
2485 0.09970088465218424
2486 0.07338626027663946
2487 0.07017700289123188
2488 0.06301060240948565
2489 0.03701842352910682
2490 0.044727690112980716
2491 0.04301111350649848
2492 0.041905725700950996
2493 0.060092514728968247
2494 0.0679751928562239
2495 0.078944828249425
2496 0.10987949624337177
2497 0.13201938713111616
2498 0.13604882460971113
2499 0.12900859311342544
2500 0.1228147493344187
2501 0.034728922745515735
2502 0.08069320573865449
2503 0.09138266432629094
2504 0.10106119872608174
2505 0.0942939956721441
2506 0.08911246756816593
2507 0.09991497751106539
2508 0.11278690641374547
2509 0.13248247873450544
2510 0.09199107925369081
2511 0.06624320997046329
2512 0.042943926697797764
2513 0.05266323972306505
2514 0.05417901307552028
2515 0.05253357938658973
2516 0.049133011076322675
2517 0.12473446824190867
2518 0.15385395959387152
2519 0.14257109644862678
2520 0.12675215638830586
2521 0.11687537905869254
2522 0.1623406192782035
2523 0.16503571394133423
2524 0.17275887715565902
2525 0.09300544278397396
2526 0.08596721300033902
2527 0.08836110732793712
2528 0.08912017102091091
2529 0.09256517392561363
2530 0.08907442509372941
2531 0.08169201185382143
2532 0.07646598102948482
2533 0.07707731081114556
2534 0.14497601631633886
2535 0.15447015929077404
2536 0.15793981478544547
2537 0.1374049592869206
2538 0.07493111112361295
2539 0.0695147357571172
2540 0.06357722379227959
2541 0.0628277832696108
2542 0.0641876471156963
2543 0.059951530130946194
2544 0.05433827458494679
2545 0.061249476328872995
2546 0.1387386790457114
2547 0.15554723730334674
2548 0.17649169236712772
2549 0.11239795315185813
2550 0.04934713479608816
2551 0.058666113704615414
2552 0.06720330504479949
2553 0.09658949974095626
2554 0.12943331589573429
2555 0.13503211969755083
2556 0.12514777141193392
2557 0.10580042991287775
2558 0.03909876516980454
2559 0.0376645089850441
2560 0.04270788638241912
2561 0.08229939712767245
2562 0.08229476893026144
2563 0.08453773014102785
2564 0.10909695883151695
2565 0.08924976906222692
2566 0.0830084005681536
2567 0.076992155533467
2568 0.06952340997148906
2569 0.13205979800960474
2570 0.09779886303242383
2571 0.08610595201985029
2572 0.05962125025915567
2573 0.0976039026013672
2574 0.04934392668268128
2575 0.05406842444844467
2576 0.0685926279306754
2577 0.04871469278616369
2578 0.0971629416551505
2579 0.11748737092447643
2580 0.1410773626573242
2581 0.034726846901347266
2582 0.04254773285529422
2583 0.04682243019451351
2584 0.04982773141838656
2585 0.06736371115499575
2586 0.15579957375307246
2587 0.1654524364611116
2588 0.18116208717787913
2589 0.1448942440980531
2590 0.1529609210659933
2591 0.1678122954902842
2592 0.17511895001964303
2593 0.04200772404469114
2594 0.14260469949678667
2595 0.18732358053282508
2596 0.2227019226938891
2597 0.16094368233192788
2598 0.16020072947731565
2599 0.15812856206769382
2600 0.1581674851408307
2601 0.07337275479538422
2602 0.03675569683837656
2603 0.03326460323920343
2604 0.0304247976843067
2605 0.04030912581408748
2606 0.07854488774006556
2607 0.09992249774814958
2608 0.11414795092162752
2609 0.0468762798009094
2610 0.0840951269560159
2611 0.11185475917933962
2612 0.13335841750914626
2613 0.15280191463469092
2614 0.16720811032092897
2615 0.17089729661119557
2616 0.17601688539300472
2617 0.14062806616386256
2618 0.1300921369404865
2619 0.12706772224312776
2620 0.12054665168060841
2621 0.08641311799814232
2622 0.08805725842227351
2623 0.08864406944853155
2624 0.0890562387487943
2625 0.080243517370796
2626 0.06762279870170274
2627 0.06214221664764661
2628 0.056529866498062915
2629 0.07016388520702192
2630 0.05558288080091486
2631 0.058087156732450414
2632 0.05820304340342595
2633 0.02628729490174509
2634 0.039657205269564864
2635 0.04813101644728923
2636 0.050617406453380205
2637 0.03924505820490838
2638 0.029024299478968726
2639 0.03314653817124274
2640 0.039556608113764824
2641 0.08199451677307731
2642 0.10743771507902393
2643 0.112286480570483
2644 0.1188869880257331
2645 0.23913528838684306
2646 0.26146226580458043
2647 0.27188270788968666
2648 0.27742504689023556
2649 0.2206714324557932
2650 0.16176264191993686
2651 0.14339014504088196
2652 0.12417858356864446
2653 0.09083537876118356
2654 0.09327505271041296
2655 0.09415042154769654
2656 0.09568717562770594
2657 0.09048732157014751
2658 0.08712721819292407
2659 0.08631089433952786
2660 0.08498564989586593
2661 0.09455172130442348
2662 0.11762136903834401
2663 0.12380117253625016
2664 0.12144780370757038
2665 0.2003989103718615
2666 0.18219649178163036
2667 0.16636385163355033
2668 0.14794844799103468
2669 0.06397239453276156
2670 0.06178153833564466
2671 0.06049111641413014
2672 0.057377972106888865
2673 0.10607032273126452
2674 0.15126208154481594
2675 0.16098629500999576
2676 0.16718576358226533
2677 0.06664683032460748
2678 0.042718410546858175
2679 0.04444118797847731
2680 0.04643103094621467
2681 0.12192206451660716
2682 0.1242405212202346
2683 0.11250296274679455
2684 0.09598254042215747
2685 0.06240756277217816
2686 0.07325625455372103
2687 0.06394938833370466
2688 0.055744331340104314
2689 0.03348819754593667
2690 0.052136366387680703
2691 0.07070943651111278
2692 0.08442832434042742
2693 0.0977820692504539
2694 0.11455830023121608
2695 0.11015354008825563
2696 0.10839253149901161
2697 0.03963331833250671
2698 0.122181021584305
2699 0.13718552418392777
2700 0.14311411624551498
2701 0.17542356627778413
2702 0.1701626674895677
2703 0.15169959951973944
2704 0.1295842201376371
2705 0.06928943145120342
2706 0.04177154682960934
2707 0.04094730755594609
2708 0.044498001603090205
2709 0.12586399217667182
2710 0.21133086970319076
2711 0.22360536010669116
2712 0.23476545932648002
2713 0.21621390031109697
2714 0.1587606111109563
2715 0.13605072496578968
2716 0.11718512171388439
2717 0.057966883688353656
2718 0.05470411092006588
2719 0.05391781589157936
2720 0.05069806536058304
2721 0.07784951020988773
2722 0.07959326466716345
2723 0.0758177171124058
2724 0.07168405013302279
2725 0.06964087867544827
2726 0.15538612313117509
2727 0.17331156042753765
2728 0.1912251366976793
2729 0.15139524614180638
2730 0.11360483023329658
2731 0.10223155570630105
2732 0.09018531535219135
2733 0.08632574498053598
2734 0.09572779917585632
2735 0.11565875509050251
2736 0.1301444188537159
2737 0.07933363050198733
2738 0.10702415825525458
2739 0.13975228098791115
2740 0.16747844992275251
2741 0.07659905164331939
2742 0.0855969376318854
2743 0.11558234770683536
2744 0.14556159361501533
2745 0.07543539036863228
2746 0.07097726911096115
2747 0.06508631389782735
2748 0.058607005694264296
2749 0.0695393442643946
2750 0.10922423532651834
2751 0.16757967656656753
2752 0.21457080799727854
2753 0.1683168450231296
2754 0.07361927835356938
2755 0.044742254492988125
2756 0.04107881781744335
2757 0.0344623221101192
2758 0.05724964520204925
2759 0.07287691310059678
2760 0.09491293791989366
2761 0.0561267813145976
2762 0.059189232825299455
2763 0.05518588369110981
2764 0.051549807972167565
2765 0.07636251254861096
2766 0.04686686782922156
2767 0.05262689784634919
2768 0.07578319640795478
2769 0.09105294446422742
2770 0.09343833980083004
2771 0.08995907565960709
2772 0.08690743926080716
2773 0.034806014963595415
2774 0.07600836665453144
2775 0.08336633181919233
2776 0.08295827684942594
2777 0.12171090628811806
2778 0.060323075951016915
2779 0.04811522207757218
2780 0.04089800129871108
2781 0.05398867442980975
2782 0.06126406833085047
2783 0.0641434367191792
2784 0.06624054697385463
2785 0.06049828237166895
2786 0.06558254364868464
2787 0.06807344048816086
2788 0.07024096459473504
2789 0.0682277941662274
2790 0.06875862896460766
2791 0.06947507771690727
2792 0.07021601292560038
2793 0.06083106815861388
2794 0.05109316538521468
2795 0.051440501520131285
2796 0.04844780622183693
2797 0.09725055638028651
2798 0.07488008295309129
2799 0.06940142145502083
2800 0.05816237331380631
2801 0.06444939052092283
2802 0.05319572016087644
2803 0.04595997919840299
2804 0.03170417120237117
2805 0.1417771913301632
2806 0.16674721046039456
2807 0.16687017942497823
2808 0.15969746200040408
2809 0.18325279521452015
2810 0.19477331517147126
2811 0.19266591239020434
2812 0.18370776099654848
2813 0.17871726193829715
2814 0.1626804542529757
2815 0.15708325428607106
2816 0.14896717813164745
2817 0.11591118216694454
2818 0.08566896226211831
2819 0.08054216111925641
2820 0.0683841183086304
2821 0.15140800228335033
2822 0.1189488793837672
2823 0.11460090573495953
2824 0.1044727183533482
2825 0.11894516023059809
2826 0.11106872922660457
2827 0.10520809221715764
2828 0.09500285209005044
2829 0.09828449653529632
2830 0.08951415684548247
2831 0.0859147787689799
2832 0.07832305882980452
2833 0.08826268538249307
2834 0.09160899203298384
2835 0.08604275325641104
2836 0.07200490312051486
2837 0.08715966378835985
2838 0.07590874989202995
2839 0.06867443593246353
2840 0.05872458014549687
2841 0.06333927350042168
2842 0.07070243215752736
2843 0.07634172115657088
2844 0.08561857808470283
2845 0.048984825901572764
2846 0.04971100948490977
2847 0.058269674529696294
2848 0.07261388160145249
2849 0.08345438201774048
2850 0.08069201540309785
2851 0.07953128802636605
2852 0.0767839367514944
2853 0.09127399657740805
2854 0.06844711472688311
2855 0.05946233209603934
2856 0.06319052411767137
2857 0.07266629985345588
2858 0.10000451829270193
2859 0.09559497705739364
2860 0.10076446335710869
2861 0.062415056701284374
2862 0.08078878233406316
2863 0.08401682886825956
2864 0.09463888735310232
2865 0.09313205377983307
2866 0.14078937380641157
2867 0.14847385700508609
2868 0.16057648513687106
2869 0.18394013867661207
2870 0.17271579521281644
2871 0.15751888014468207
2872 0.14186683471800016
2873 0.12123789484100769
2874 0.13811542731759882
2875 0.129688350853646
2876 0.128367369032615
2877 0.08231985612301736
2878 0.07871338684599027
2879 0.07205207921369206
2880 0.0707683206313024
2881 0.08198392833604977
2882 0.08862301310727554
2883 0.09433460603534737
2884 0.10166028386640338
2885 0.16280135481572827
2886 0.1988436406072493
2887 0.20347364137324808
2888 0.2037181915923319
2889 0.22632607033915444
2890 0.23303142697742657
2891 0.22732486889328438
2892 0.21723280644736026
2893 0.13352765210068085
2894 0.061621512724103995
2895 0.052067940617086694
2896 0.046425899287314436
2897 0.07835131868956341
2898 0.07987731483506053
2899 0.0868611056754629
2900 0.09231914098822158
2901 0.09488343575260844
2902 0.11352314236773504
2903 0.12430678624319336
2904 0.13063687087610765
2905 0.20013757621801437
2906 0.2100836936127157
2907 0.20415823336332029
2908 0.19324300253604815
2909 0.22301668878625983
2910 0.20002151897786888
2911 0.17570765522122392
2912 0.1472663846497628
2913 0.061766647457497256
2914 0.07992560910763781
2915 0.0871069892954867
2916 0.09063567743898217
2917 0.09175598156058008
2918 0.09982722654627534
2919 0.1075106794718005
2920 0.11553209219152928
2921 0.06629461361283794
2922 0.06897167598545925
2923 0.06576464969361683
2924 0.06029591143837113
2925 0.14483598862036468
2926 0.12596001064004222
2927 0.10815452375530442
2928 0.08481109595562254
2929 0.047917243732677486
2930 0.039848087058682646
2931 0.046990622388770095
2932 0.07115289473601713
2933 0.08518332661066078
2934 0.11859163967264034
2935 0.1228084881441065
2936 0.1330248078543307
2937 0.09646273289011667
2938 0.11580115697407893
2939 0.1211968734927155
2940 0.1300046523839849
2941 0.04923097541971377
2942 0.08156622737863883
2943 0.08640882236631642
2944 0.0890583885229513
2945 0.08142193961423326
2946 0.07522563461290538
2947 0.06900936202455484
2948 0.059646272378830835
2949 0.05440184676918605
2950 0.0924850332989544
2951 0.09872349246771304
2952 0.10780501925099706
2953 0.1382345998108119
2954 0.14923806712664617
2955 0.15215353217725766
2956 0.15205246197630445
2957 0.05000929928635454
2958 0.04741473024881908
2959 0.0470049770141643
2960 0.04756067082856713
2961 0.05025140257594125
2962 0.041104585491281105
2963 0.03654674811170369
2964 0.03115451372798822
2965 0.12194228171485876
2966 0.1684115939683399
2967 0.16382015362955174
2968 0.16017769317697406
2969 0.18718451281423165
2970 0.20793343982753068
2971 0.20311582923057733
2972 0.1962662414827111
2973 0.1269878388265395
2974 0.10012269217241343
2975 0.08896224472234146
2976 0.08735824849728116
2977 0.07774570686633374
2978 0.09071320289360199
2979 0.08804507218852398
2980 0.08664041581807648
2981 0.07178826699522946
2982 0.08368398670373582
2983 0.0892186200116099
2984 0.0981927270280743
2985 0.08006388575040489
2986 0.0904491149566348
2987 0.08879827365265437
2988 0.08918900824127843
2989 0.069964677620999
2990 0.10133061272681103
2991 0.11426752070499062
2992 0.1284494222707279
2993 0.05429420122425529
2994 0.06396482426903109
2995 0.062284814293539714
2996 0.06316923121684281
2997 0.10654511474183385
2998 0.05416476597787964
2999 0.05620852758391637
3000 0.05815335471321644
3001 0.049496805435270096
3002 0.06362670084111809
3003 0.06509838831435528
3004 0.06672410492050244
3005 0.09578029362987753
3006 0.09622531481441243
3007 0.11446502719026305
3008 0.12646490826871706
3009 0.09093415857869304
3010 0.07576428589413794
3011 0.06713189661912464
3012 0.058750191626991875
3013 0.04013393180348616
3014 0.0650337396286034
3015 0.06611782357018385
3016 0.07044395934744836
3017 0.06792560733456952
3018 0.07245293506332653
3019 0.07430488861458769
3020 0.07472068592972855
3021 0.0748005243292096
3022 0.08292495100497
3023 0.08692528765573371
3024 0.09029524962378085
3025 0.08368160828446179
3026 0.10906377877875112
3027 0.11236933143263618
3028 0.11856882198111965
3029 0.05600424788484374
3030 0.03935435769833559
3031 0.035709224943613435
3032 0.03957466886621275
3033 0.06965502248615155
3034 0.07203366444355326
3035 0.07546294041693676
3036 0.07825891260016568
3037 0.0867327335413254
3038 0.045226812193378985
3039 0.04323115420120051
3040 0.039950508855200566
3041 0.05095111906673069
3042 0.04892141581409683
3043 0.047601356792075805
3044 0.04487834658598087
3045 0.10826861571201678
3046 0.12452618306681892
3047 0.11978987850008152
3048 0.10956990257226797
3049 0.13699137600537642
3050 0.15918850696319256
3051 0.15212027717602356
3052 0.14656285594603785
3053 0.10977386034777101
3054 0.1248109627957435
3055 0.12643087596213168
3056 0.12525286465422245
3057 0.14193966719072698
3058 0.11556299385502442
3059 0.10282702569622558
3060 0.09445802613288068
3061 0.11441728970516064
3062 0.1232054382185976
3063 0.12126242510005748
3064 0.11699402764878526
3065 0.11476567255369603
3066 0.09830593686611822
3067 0.08619151188598462
3068 0.0754841182425301
3069 0.06699401890527401
3070 0.09058175502332182
3071 0.09140009337681423
3072 0.08782903026084898
3073 0.09437665742731385
3074 0.07689819679925963
3075 0.07127879794857246
3076 0.06533505340503361
3077 0.06749919650429691
3078 0.07046492303473069
3079 0.06531821813692672
3080 0.06078685577071905
3081 0.12305706595669604
3082 0.11296264779450305
3083 0.10470067022448754
3084 0.09088362695281157
3085 0.037328555460736774
3086 0.05412775984686763
3087 0.06078232998031603
3088 0.06580131150810611
3089 0.055617310514261685
3090 0.07285494619523697
3091 0.08730019781883029
3092 0.1014561081897157
3093 0.06775513191008345
3094 0.06877354743173543
3095 0.0722084393625893
3096 0.07410897398774487
3097 0.09719452139050505
3098 0.07882374074717768
3099 0.06886532188124576
3100 0.06222475612981775
3101 0.06548427808904048
3102 0.05851328430174271
3103 0.054012494238256666
3104 0.05259791669544192
3105 0.09891893348484
3106 0.10778971812057495
3107 0.10609100090001068
3108 0.1027583214276993
3109 0.07141552586409576
3110 0.04689548899999421
3111 0.05217339038695739
3112 0.05439553151519813
3113 0.06026265258030905
3114 0.10961708843269177
3115 0.11926827908979352
3116 0.12725249850981796
3117 0.06876096952371001
3118 0.07658662137189415
3119 0.08137434359249156
3120 0.08408869185712352
3121 0.04927770997198759
3122 0.053939248422439405
3123 0.06631010434938384
3124 0.07464191283153276
3125 0.09252532093218764
3126 0.0854394402995173
3127 0.08042172236107788
3128 0.07850247271717999
3129 0.04197246231425555
3130 0.04560729149492053
3131 0.045750825085847525
3132 0.04482639917840098
3133 0.06613495727746219
3134 0.0779737797855832
3135 0.07925118952026486
3136 0.07982346716834549
3137 0.06822931701644123
3138 0.05534939311695706
3139 0.0591210023529043
3140 0.06120097088229488
3141 0.12448967418671641
3142 0.16601914900546813
3143 0.16860828712946035
3144 0.17001684639962125
3145 0.17893096541054354
3146 0.17864046274815532
3147 0.17652357204619593
3148 0.17401992819355458
3149 0.09008125765752635
3150 0.09831590769119872
3151 0.09777856553302372
3152 0.09826220414033349
3153 0.10334501022033948
3154 0.10081238510063517
3155 0.09806345876265737
3156 0.09664024649365033
3157 0.07730863660259045
3158 0.07197612372060985
3159 0.06693714704888355
3160 0.06280823368437805
3161 0.07178454751646568
3162 0.08294770007410804
3163 0.09030117376443657
3164 0.09938521213970217
3165 0.07973659829247494
3166 0.07390592129502019
3167 0.07274920929979255
3168 0.07055653902215014
3169 0.06782057117276384
3170 0.11601072943872119
3171 0.1279069193767943
3172 0.13812935046370453
3173 0.1858105270469756
3174 0.1835710790397266
3175 0.188261339121337
3176 0.18992911822765096
3177 0.18246106793092035
3178 0.15830076203023313
3179 0.15104819139968534
3180 0.14267787205430418
3181 0.07263830777097166
3182 0.06715923979824971
3183 0.0669040210602396
3184 0.06696139100885992
3185 0.09132469353698662
3186 0.08930110434002954
3187 0.08797486387381762
3188 0.08696774445422123
3189 0.11399800988764715
3190 0.12012436956231079
3191 0.1190358859745118
3192 0.11372638416859224
3193 0.15726327874588203
3194 0.150026426244494
3195 0.14365399062817508
3196 0.13436720790494372
3197 0.11849375878214524
3198 0.09568987565124427
3199 0.09022791544793388
3200 0.08252841320858342
3201 0.08299199433111908
3202 0.07480140914133043
3203 0.07307999160089337
3204 0.07336983888194969
3205 0.06924251020061731
3206 0.05521332357944846
3207 0.05079175220855035
3208 0.045751938809757906
3209 0.07665305056047357
3210 0.09052210996175443
3211 0.08643383532403241
3212 0.0782395327493742
3213 0.12803239404349623
3214 0.10335040446643426
3215 0.08530140108838372
3216 0.06485159578342453
3217 0.05050790000044331
3218 0.04413245526382209
3219 0.04211292889313602
3220 0.03878453138879556
3221 0.05671777910993243
3222 0.07117445911853239
3223 0.07871619309118355
3224 0.0886514591567669
3225 0.06718844280144957
3226 0.060914222584884346
3227 0.05750019186282175
3228 0.054096758451466186
3229 0.12649382968448308
3230 0.13958168886660507
3231 0.12548295973064144
3232 0.10648613188817985
3233 0.06672165866731933
3234 0.035242941029117576
3235 0.028972889335856396
3236 0.027592849445891514
3237 0.06970175394401108
3238 0.12487320669821395
3239 0.1367470038741334
3240 0.14651987629222643
3241 0.1389206683542154
3242 0.1156937047288587
3243 0.10930465275213104
3244 0.1043911445321082
3245 0.07554316508173636
3246 0.04722328831733302
3247 0.04426061724919078
3248 0.041703788330293
3249 0.05770937949856407
3250 0.05417605254240995
3251 0.059472636935307494
3252 0.06601999533733803
3253 0.09060856615706306
3254 0.11451589945772078
3255 0.12816655455425413
3256 0.13930309249478945
3257 0.15162832395360154
3258 0.14440653994493766
3259 0.140947818578639
3260 0.13467913227948133
3261 0.12119586189504418
3262 0.12435024229349141
3263 0.12648589309310507
3264 0.12719207058394674
3265 0.1216839477153517
3266 0.103895632945652
3267 0.09313080798761583
3268 0.0820106158777865
3269 0.09009822917306749
3270 0.09598328669521879
3271 0.09459698428538851
3272 0.09165560717490641
3273 0.09284017353470163
3274 0.10054124367242474
3275 0.09926515017320055
3276 0.09896872178796942
3277 0.08840839805017281
3278 0.12579259972077317
3279 0.14325384024548832
3280 0.1575459991207984
3281 0.12075914683731163
3282 0.10232118963665646
3283 0.08881175949377974
3284 0.07317113794901182
3285 0.046997070020612354
3286 0.10111948152207513
3287 0.11217178647347564
3288 0.1260558456301465
3289 0.0914525015822954
3290 0.11742682989404114
3291 0.1061453833676327
3292 0.10654070301539888
3293 0.06845901586375179
3294 0.07770698914539065
3295 0.07349402035542302
3296 0.07225871956901629
3297 0.06023515545735582
3298 0.07814786606774682
3299 0.09612732156762048
3300 0.1084063686883687
3301 0.05627932933364138
3302 0.06646790043158896
3303 0.06487261641501743
3304 0.0641048312560657
3305 0.05947586211058124
3306 0.029400386220620932
3307 0.030708105595760385
3308 0.035384524090778496
3309 0.10117061272996518
3310 0.1343311171065375
3311 0.1298432689962806
3312 0.12811896759369512
3313 0.03562768313882573
3314 0.09275315483409004
3315 0.11752824190316734
3316 0.13715663875453168
3317 0.09090424268207695
3318 0.09734994852849901
3319 0.09538896698909662
3320 0.08943086503104743
3321 0.0929331825227668
3322 0.07969064733706607
3323 0.0831169410952922
3324 0.08570290863592293
3325 0.10207893271396266
3326 0.05900372063326746
3327 0.053888657184317484
3328 0.0521785222091067
3329 0.06049642024625986
3330 0.13136188808067176
3331 0.14376533674164851
3332 0.14442100569961377
3333 0.08486865003627009
3334 0.054537449371769055
3335 0.049543452837776086
3336 0.04633371268998451
3337 0.16195247975020305
3338 0.2199728081889545
3339 0.23297188719408946
3340 0.2374410264635939
3341 0.27481200323598803
3342 0.19551762083823684
3343 0.16612538865999307
3344 0.12316895115895854
3345 0.10875102221074463
3346 0.09675301664375541
3347 0.08998813388757718
3348 0.07549242011417645
3349 0.1879588795538694
3350 0.16866084376886095
3351 0.1523551546962303
3352 0.11878422570943169
3353 0.16941543663123915
3354 0.1621969484407295
3355 0.147128220514615
3356 0.12864485882564333
3357 0.1786833505124053
3358 0.1458919034287191
3359 0.13723697598843673
3360 0.11826351813303843
3361 0.13090316947718744
3362 0.1256746085742323
3363 0.11668965962998563
3364 0.10186975905453607
3365 0.15406169421629107
3366 0.1208485674428702
3367 0.10229734116313995
3368 0.06974781334453223
3369 0.09262287088638152
3370 0.0710638584352061
3371 0.0782790863078861
3372 0.08357221552622356
3373 0.08704811523719627
3374 0.06445879814354293
3375 0.059599270929745866
3376 0.053991679832251095
3377 0.06859885407746565
3378 0.06936612105861176
3379 0.06598549302900684
3380 0.06955784697923952
3381 0.029612357603699166
3382 0.02863168843646892
3383 0.02671246699271383
3384 0.02096059791407025
3385 0.10517775364864311
3386 0.1470287877973588
3387 0.1542007162624969
3388 0.1660146804445127
3389 0.05374805075409437
3390 0.050315389049703375
3391 0.04849053823691622
3392 0.05842853844081263
3393 0.13930089781924035
3394 0.1865634038539161
3395 0.19678418865088335
3396 0.21092741540546808
3397 0.16508306018172006
3398 0.13094857127498447
3399 0.13000978773966215
3400 0.13242486478799267
3401 0.13364495586601513
3402 0.19116939871938413
3403 0.19168903875399879
3404 0.20050343708284618
3405 0.09019877966634421
3406 0.10301529737903425
3407 0.10381887525506814
3408 0.11100844327285224
3409 0.11462598653132389
3410 0.20478825994775987
3411 0.23080948011526586
3412 0.25827306627138374
3413 0.25126990449396663
3414 0.23357231531411246
3415 0.2243865346557384
3416 0.21425103527319347
3417 0.2202927563214742
3418 0.28068917135837884
3419 0.2868085764242617
3420 0.2930165288432874
3421 0.16573833374575817
3422 0.15417037806151626
3423 0.15359524851746276
3424 0.1546565759665774
3425 0.07880476217488035
3426 0.07998938517565135
3427 0.10601278840271565
3428 0.14025688986695353
3429 0.26516787639524025
3430 0.2984838138550733
3431 0.2977333919730969
3432 0.28831921057659243
3433 0.23450995610648356
3434 0.2769848706875853
3435 0.2757899256405311
3436 0.2745495208667328
3437 0.153259606868592
3438 0.16232222206612104
3439 0.16246831228128386
3440 0.16675163031866305
3441 0.1106458530984237
3442 0.08370870749410243
3443 0.0797982879686291
3444 0.07389008622212695
3445 0.21761940483606526
3446 0.20082929639210134
3447 0.1762361144522463
3448 0.1415305377351462
3449 0.10622487680591977
3450 0.13562591124593934
3451 0.13514536659966342
3452 0.1311560066752362
3453 0.12627928833882196
3454 0.11657077656440534
3455 0.10860498806252164
3456 0.10619428095227106
3457 0.09850569601491084
3458 0.07410044266664353
3459 0.06476338830467358
3460 0.05976199367967824
3461 0.11817210894806093
3462 0.08298225967734052
3463 0.0644754450870754
3464 0.0635426858466235
3465 0.060727737426527095
3466 0.04658663434219224
3467 0.0467625794876394
3468 0.05769499526278611
3469 0.032343898835452224
3470 0.04754040015768577
3471 0.06445808021108003
3472 0.08775137587312815
3473 0.07945560000311969
3474 0.10479514139239098
3475 0.11064430722715334
3476 0.11470351681924316
3477 0.12085146778953901
3478 0.080715904441416
3479 0.052839513416007206
3480 0.05435838834290465
3481 0.08738256579399116
3482 0.11546300552419565
3483 0.1347913466105373
3484 0.1514932710147552
3485 0.07448861551185265
3486 0.08539029401853766
3487 0.083781355026635
3488 0.08877884944703009
3489 0.08141363615518604
3490 0.059230617822793576
3491 0.06182738261196403
3492 0.07125523539190756
3493 0.05915009877064645
3494 0.11439178948050607
3495 0.12347096175665921
3496 0.13815947549528299
3497 0.16258526614329363
3498 0.22075857093556464
3499 0.22824517987830117
3500 0.2313679862472759
3501 0.11178874910798854
3502 0.12477153162802716
3503 0.1203305969265381
3504 0.11987648145312105
3505 0.06784459884995812
3506 0.09494654523270145
3507 0.09760998428112412
3508 0.10149529360249655
3509 0.14488304119292872
3510 0.2334936220722067
3511 0.2377879838284396
3512 0.2441522290026276
3513 0.1459482853967913
3514 0.10900963104057515
3515 0.10493056051645278
3516 0.10304566263185715
3517 0.09237100475484425
3518 0.11620200205287272
3519 0.1184050405342722
3520 0.121269873855017
3521 0.07214663416490784
3522 0.0805362242785798
3523 0.08029430158433111
3524 0.0809965019094033
3525 0.04896063934910762
3526 0.13448173929580973
3527 0.14110284604856083
3528 0.15809217279222762
3529 0.0860604330078631
3530 0.08571854173664925
3531 0.08916578172578773
3532 0.0938640580777231
3533 0.07137149892067697
3534 0.09262950064840693
3535 0.12259991709228404
3536 0.15071638073637522
3537 0.11594517568695592
3538 0.07636615733448937
3539 0.07499358312181324
3540 0.07500263453058424
3541 0.04211710228741328
3542 0.07512178903176432
3543 0.08144033657137402
3544 0.09575223653432187
3545 0.07988175282805138
3546 0.09393424472919104
3547 0.09361738380617443
3548 0.09416162338439167
3549 0.08789394976312216
3550 0.09560329360017283
3551 0.09822479360416018
3552 0.11799925159418115
3553 0.11143713299057356
3554 0.10757528984006563
3555 0.0876297415781317
3556 0.08317304292966782
3557 0.09022921787426444
3558 0.08340486992043751
3559 0.07755618924881068
3560 0.06835433602685809
3561 0.03281800290197204
3562 0.03538740867796892
3563 0.034075591362168395
3564 0.033526917938721715
3565 0.06581814237055114
3566 0.037356739168214526
3567 0.035502318726075545
3568 0.03388228568617585
3569 0.042148632429866446
3570 0.03651120733997114
3571 0.03506918520917507
3572 0.03909184973686427
3573 0.12034420280739953
3574 0.1458042907285207
3575 0.137625432977873
3576 0.12914736637760219
3577 0.14701585757626456
3578 0.13191305090719557
3579 0.12708412822960866
3580 0.11946721928417307
3581 0.13457598688111103
3582 0.1287206806117012
3583 0.11549613797630272
3584 0.09417533565962709
3585 0.1225207899936131
3586 0.11963228342953038
3587 0.12714455824154416
3588 0.12373661812192366
3589 0.18245663446712876
3590 0.20415837361675596
3591 0.1954726403845695
3592 0.18668152605532107
3593 0.13675191496763553
3594 0.13538291775167163
3595 0.1314534341144425
3596 0.12352432170362243
3597 0.10957115180477586
3598 0.11806616219930326
3599 0.11209121997005608
3600 0.10328460113047075
3601 0.12338613562917859
3602 0.1074082877778475
3603 0.10171977164487905
3604 0.08975501188651437
3605 0.09028491634422109
3606 0.14650266871538906
3607 0.14181080336679278
3608 0.14273317169135794
3609 0.06827730910549702
3610 0.10408546629787545
3611 0.1237248411149035
3612 0.13735931419394976
3613 0.08954066589413151
3614 0.0760090752002458
3615 0.07367148436673868
3616 0.07343087580064402
3617 0.0838336300811558
3618 0.03919517508211184
3619 0.04566556804653346
3620 0.07781615666720798
3621 0.08096966786203937
3622 0.053650245354540764
3623 0.05054790035357546
3624 0.050063490359995334
3625 0.12091495466297551
3626 0.11367053062440358
3627 0.10463605132418619
3628 0.09029520935633749
3629 0.08358211557717579
3630 0.09834284163913184
3631 0.1003115884401995
3632 0.09792071238959807
3633 0.10350384022580543
3634 0.14745351775538695
3635 0.17811440340210138
3636 0.20326324203537524
3637 0.14256550575971444
3638 0.05249642508412922
3639 0.0518566251345641
3640 0.055863261153501736
3641 0.04160902815390551
3642 0.05187245572359135
3643 0.05774162222427213
3644 0.07149306207841742
3645 0.0709342110403645
3646 0.060654310895791326
3647 0.06899264017590276
3648 0.0636341498867954
3649 0.08559484611999328
3650 0.16054461757829586
3651 0.19000948219763478
3652 0.20616795566057058
3653 0.11304679904358306
3654 0.08333999736448906
3655 0.08869994470651735
3656 0.09238347558717185
3657 0.06393836459059306
3658 0.06442495369541826
3659 0.06677672396428978
3660 0.06775579592578086
3661 0.043195914156947963
3662 0.04620345705527495
3663 0.050683577462831884
3664 0.05503852803048475
3665 0.11120062413162703
3666 0.17217867205296356
3667 0.19210672158991757
3668 0.200514951240871
3669 0.20060603816431372
3670 0.1412213863642989
3671 0.10768016730030892
3672 0.08446249541150606
3673 0.12347160556149014
3674 0.12973032233956236
3675 0.12082321155267739
3676 0.11173345226003957
3677 0.07904508327465748
3678 0.08551117883144733
3679 0.0856464777468057
3680 0.08583676802435547
3681 0.10137361716666171
3682 0.11955689024443204
3683 0.1199185652175959
3684 0.1204944978672646
3685 0.11890815399547046
3686 0.12752827302442657
3687 0.1258007842307454
3688 0.1228299693578682
3689 0.10743595601016451
3690 0.13753097457875865
3691 0.1458291495776813
3692 0.14830217597365067
3693 0.1136111785695892
3694 0.11034974497177302
3695 0.1108391525357744
3696 0.1097065546341801
3697 0.06316132498287863
3698 0.0639010985061275
3699 0.06337376396816055
3700 0.06363791948140804
3701 0.1660169532502966
3702 0.18748177448570355
3703 0.2002169107296686
3704 0.20698614571747884
3705 0.1296272251337547
3706 0.0846897745457397
3707 0.0698337116003429
3708 0.06139017682214974
3709 0.045973871829489005
3710 0.044366517530218585
3711 0.04583750059903821
3712 0.04827564849686208
3713 0.10090081868430188
3714 0.10444648186269946
3715 0.10703715106167301
3716 0.10952426346041058
3717 0.1808171508478936
3718 0.18247741271349896
3719 0.1836403320963413
3720 0.17781550805447427
3721 0.14695846887928846
3722 0.12449088576143422
3723 0.12677511869233152
3724 0.12743685429630536
3725 0.13041022194609378
3726 0.11563843877893895
3727 0.10879508802730029
3728 0.10230044532472272
3729 0.1172219877657562
3730 0.07960304603447042
3731 0.07249644619600563
3732 0.06303989692724248
3733 0.10209740202986695
3734 0.10231707086294671
3735 0.09762280973347856
3736 0.0845147788329602
3737 0.12027825234377415
3738 0.12099912616517429
3739 0.11264138999453573
3740 0.10738806745645406
3741 0.12279903287769994
3742 0.10369668092337574
3743 0.09304556228843087
3744 0.07984794608999436
3745 0.10704954039855923
3746 0.07378313498497316
3747 0.06524981487134857
3748 0.05597738677359652
3749 0.06713413822549623
3750 0.06874152193992152
3751 0.06502464153874059
3752 0.0598683835681323
3753 0.07363696792933604
3754 0.07589855053525854
3755 0.07368702502146703
3756 0.06948387371523798
3757 0.08460139971767139
3758 0.06940989103927159
3759 0.0603128870868474
3760 0.05006433228619329
3761 0.08083556906520445
3762 0.05394552565037145
3763 0.03859827911791365
3764 0.032791603954970217
3765 0.037129855791194266
3766 0.06682091959223292
3767 0.07596064289426122
3768 0.08923104696770749
3769 0.06578361177709237
3770 0.06376236351928445
3771 0.0667547201768487
3772 0.07057959446439793
3773 0.07047008744889151
3774 0.06300356340313286
3775 0.0767995922743255
3776 0.08953576355499095
3777 0.11069090738391564
3778 0.09270717442082578
3779 0.08639510455640287
3780 0.08094263374896708
3781 0.11978047144885008
3782 0.16199371375608543
3783 0.1725120392707617
3784 0.18270770315355878
3785 0.14747522761496137
3786 0.10369696834416123
3787 0.1007573519804041
3788 0.09791804998864358
3789 0.11194642805111434
3790 0.11386774960545375
3791 0.12411327498115376
3792 0.13122485210723384
3793 0.12905877418462192
3794 0.13173813557089056
3795 0.12796949787910852
3796 0.1197761609876564
3797 0.12910483363461173
3798 0.15840784337077476
3799 0.1779269744663094
3800 0.19440022111088687
3801 0.15195858761310238
3802 0.1298347614673601
3803 0.12547114086374384
3804 0.11741249132172822
3805 0.1347910721885791
3806 0.19880536893041437
3807 0.22032077081566318
3808 0.23719410739891963
3809 0.1672739309438622
3810 0.14438610743893202
3811 0.13614011891699349
3812 0.1251241994830867
3813 0.13559368945910555
3814 0.13029847904608702
3815 0.1651678069476288
3816 0.1964834972967704
3817 0.15126078522476688
3818 0.125313586561958
3819 0.10755447320932666
3820 0.0977245661246439
3821 0.07937289721175513
3822 0.12217363315636166
3823 0.13582463847868684
3824 0.14844677824337008
3825 0.10968959778582275
3826 0.11048718628538194
3827 0.10716951319559871
3828 0.10212054032732969
3829 0.10972799618997083
3830 0.10478005785815876
3831 0.10069154790170105
3832 0.09689014017491228
3833 0.09816200145778747
3834 0.11877360305188944
3835 0.11341733584482495
3836 0.1103816151634586
3837 0.052234637155835206
3838 0.05565324996934893
3839 0.0621535351008823
3840 0.0658310902746418
3841 0.054513814277378586
3842 0.07432308008089099
3843 0.07379018668003715
3844 0.08450087765174986
3845 0.06580053225938733
3846 0.09430887124746427
3847 0.09982062124050191
3848 0.10239109893375865
3849 0.13704997641510008
3850 0.10531919250731911
3851 0.10102692549046692
3852 0.09590117327027874
3853 0.12107781995137656
3854 0.10872727388776174
3855 0.11310288959232886
3856 0.11375283807529173
3857 0.11149388609134363
3858 0.1204348627352205
3859 0.126554994340153
3860 0.11352702751034457
3861 0.09528873321475329
3862 0.10929340997245408
3863 0.10147708146291506
3864 0.09285650627106284
3865 0.09258775850953176
3866 0.13516434790649368
3867 0.14147761760959673
3868 0.14892632497728317
3869 0.27773533649482357
3870 0.22094878719871258
3871 0.19758050046251602
3872 0.1595431454020534
3873 0.1543065405939121
3874 0.12169649578894255
3875 0.10684143668591585
3876 0.08178479658698501
3877 0.1536678330712401
3878 0.15469922528338292
3879 0.1499686641606163
3880 0.13366056655853334
3881 0.18822098675923737
3882 0.1863330972446476
3883 0.16937587593656775
3884 0.14901589163040152
3885 0.2724403788311896
3886 0.2616986643571057
3887 0.25484064259879846
3888 0.23740289490513133
3889 0.1490310377540191
3890 0.1485904690671713
3891 0.13591301997160227
3892 0.11744825499934892
3893 0.1565438324015412
3894 0.12758568958335303
3895 0.11526988365127759
3896 0.09220126257307884
3897 0.1882853658991497
3898 0.1529184219509104
3899 0.11883449467028129
3900 0.08739091810794972
3901 0.11653545204903716
3902 0.10474858056140242
3903 0.0912846087823128
3904 0.07619640754754278
3905 0.10168910147683122
3906 0.1039599417924291
3907 0.09647710094880832
3908 0.0834982383765012
3909 0.11310400653562962
3910 0.08888682156993724
3911 0.075193269863594
3912 0.062384125451199646
3913 0.09289245740737229
3914 0.09162017658818294
3915 0.09770181107922886
3916 0.10010625285231178
3917 0.13101583019422305
3918 0.18354444371106668
3919 0.20177464744320628
3920 0.22585815551196545
3921 0.16445732426337942
3922 0.13860936538861457
3923 0.1300670898520376
3924 0.11537848835831327
3925 0.05228601873934623
3926 0.07565320234227774
3927 0.09822108601113291
3928 0.12550126137926457
3929 0.1011445436007317
3930 0.1560707438888924
3931 0.17568779058328654
3932 0.1969054156509711
3933 0.2655312581185565
3934 0.31100670010947523
3935 0.3185418251628337
3936 0.3300538827454784
3937 0.2587927430679404
3938 0.19928371490118685
3939 0.1915930709307346
3940 0.19128092357177728
3941 0.17612376855549838
3942 0.18914584243080965
3943 0.19172330531553172
3944 0.2101963489407969
3945 0.3144449493502702
3946 0.36946060140704795
3947 0.38454251699052155
3948 0.3947323398790452
3949 0.4036775516807701
3950 0.39691938185207964
3951 0.3840881253235443
3952 0.3680115450471873
3953 0.26235957787349506
3954 0.2019545603668995
3955 0.17269423759482092
3956 0.1603979063769731
3957 0.1660188739025037
3958 0.17755745030396183
3959 0.17507922225774764
3960 0.17403911963105195
3961 0.18046163688763128
3962 0.25833785872737275
3963 0.2836651898576929
3964 0.3009353414436982
3965 0.29142631457142293
3966 0.2664646147706476
3967 0.23944007117779553
3968 0.20625288364507918
3969 0.16954893487949374
3970 0.16942127089978612
3971 0.1639060122234668
3972 0.15573413667041228
3973 0.1481698990315621
3974 0.14218136260553452
3975 0.13182520826476946
3976 0.12101883063005861
3977 0.0883410699604084
3978 0.13122637937158638
3979 0.14670269198693175
3980 0.1481277974940843
3981 0.12519826919526678
3982 0.11853279126649005
3983 0.10288831822368495
3984 0.08260069026399522
3985 0.1001216431676437
3986 0.1128974232429345
3987 0.11782878641525145
3988 0.11805940041956321
3989 0.08981121818972942
3990 0.07365874955012798
3991 0.08000648740754888
3992 0.0943046046226351
3993 0.13165730329481654
3994 0.14484757312428556
3995 0.1503086799596105
3996 0.16245158193913137
3997 0.15506003603839671
3998 0.10807912885043497
3999 0.1006066207765779
4000 0.09272072342096878
4001 0.06846995539437314
4002 0.08233184412201983
4003 0.07255516094968945
4004 0.05974371781268902
4005 0.10091160687541695
4006 0.08113340123018235
4007 0.07972204142778314
4008 0.09098523147590455
4009 0.1366741981851378
4010 0.21603647536597825
4011 0.24151758659953895
4012 0.2676911254602569
4013 0.26963356515114395
4014 0.2405395005485939
4015 0.21824526041268774
4016 0.2048151512566113
4017 0.08980581008432878
4018 0.11173141964509685
4019 0.11946858689347335
4020 0.12963107444997066
4021 0.14136067518248777
4022 0.14905722646004751
4023 0.1501620336402845
4024 0.19398928338439544
4025 0.2241309899019411
4026 0.3081198036094958
4027 0.3277646870237954
4028 0.34737739883928753
4029 0.33236058946944014
4030 0.3019428203518654
4031 0.28216740030376875
4032 0.2655627740621392
4033 0.1523476537014604
4034 0.18424021674960167
4035 0.19116129939086118
4036 0.19773141177239317
4037 0.19019254580192968
4038 0.22184447780182817
4039 0.24505856689043848
4040 0.26904387767161875
4041 0.27669394641704126
4042 0.35264360780222614
4043 0.36297127511641675
4044 0.37315494853820225
4045 0.37488882009961755
4046 0.34824903037106464
4047 0.3337930750151244
4048 0.31756375757631694
4049 0.28816163417769197
4050 0.27541584771371197
4051 0.2667495787534335
4052 0.2569769253557708
4053 0.2351106542656767
4054 0.2709761246518503
4055 0.2653174394139606
4056 0.25582695837822067
4057 0.19788806417788027
4058 0.21503181007685818
4059 0.21447109141195633
4060 0.20795164089692206
4061 0.2335671811534267
4062 0.18619487151270228
4063 0.17849886915104815
4064 0.17524653258037098
4065 0.2059159821122334
4066 0.1857810066878518
4067 0.18357669947796248
4068 0.17464279524792006
4069 0.14939044614845357
4070 0.12765605845827802
4071 0.11316324186170179
4072 0.10285669745310873
4073 0.09897302691755583
4074 0.10276850454376543
4075 0.1078158835439126
4076 0.1197225695257934
4077 0.08662933018721639
4078 0.07868386042683272
4079 0.09088680660850447
4080 0.11091557261059908
4081 0.08690240592693857
4082 0.11135657645151703
4083 0.12014877651285884
4084 0.12809875768026974
4085 0.13591081977911718
4086 0.14539400324388968
4087 0.16257538384280804
4088 0.18180158829164964
4089 0.23443493013280148
4090 0.25061388116502487
4091 0.25363752420883745
4092 0.259350665621996
4093 0.2130534452180917
4094 0.2423525441172365
4095 0.24750488455868921
4096 0.25855423770652247
4097 0.141272388390979
4098 0.15652205457809715
4099 0.15728604502096874
4100 0.1612318769591342
4101 0.11094379892385144
4102 0.11685893797862955
4103 0.11790448482427111
4104 0.12231647539472874
4105 0.1877376517132046
4106 0.18650488832994572
4107 0.18277248893392792
4108 0.1782652222004521
4109 0.20834054917225442
4110 0.22555042008157108
4111 0.22133239725857573
4112 0.22224300403859126
4113 0.15713450994708822
4114 0.15551305567916174
4115 0.14967279208895282
4116 0.1450665500890185
4117 0.14029743347779428
4118 0.13997322332230228
4119 0.13739349604354645
4120 0.13775105247263006
4121 0.11492059231620858
4122 0.09164533765145534
4123 0.08224464172937447
4124 0.07518728205734594
4125 0.12189987760180457
4126 0.13036877453895301
4127 0.11966124528463587
4128 0.1154407082660504
4129 0.11873600774526519
4130 0.07510951177812165
4131 0.06132907200690087
4132 0.05709856727252193
4133 0.08486297728136942
4134 0.09179636222574446
4135 0.09050472275686401
4136 0.09080052592813319
4137 0.10983890064298846
4138 0.10808026542371017
4139 0.10666626129190215
4140 0.10051032888704448
4141 0.15727798239298743
4142 0.12335240345505774
4143 0.10335878348794848
4144 0.08506668652673594
4145 0.09166159097052141
4146 0.04346297872446526
4147 0.04189432458466077
4148 0.06944488006264804
4149 0.08054044357878802
4150 0.07486523139543128
4151 0.07104910987804788
4152 0.06793785843835068
4153 0.16965526943811204
4154 0.18853372510515756
4155 0.18904098247723145
4156 0.18320919646425293
4157 0.238090584851394
4158 0.18287396898647204
4159 0.15890158252111045
4160 0.12894638964071428
4161 0.13317117520302887
4162 0.09168147007042358
4163 0.0801077510910949
4164 0.07227849502180725
4165 0.1276195213607977
4166 0.13461767948845385
4167 0.12849403816756624
4168 0.11483221477664635
4169 0.24006497622591405
4170 0.214278343492178
4171 0.19427808695090068
4172 0.16892410257631
4173 0.1505337320437464
4174 0.08782455812718372
4175 0.07784292965037454
4176 0.07515204059321362
4177 0.09206861594300668
4178 0.07778334065188122
4179 0.08050785347497175
4180 0.08048014311563602
4181 0.10186576163478883
4182 0.13084416004834126
4183 0.12998207690166713
4184 0.11750839136892645
4185 0.23329734739499638
4186 0.2258416386674156
4187 0.21034378499084713
4188 0.1876250247352325
4189 0.11910010831340435
4190 0.10770406286004429
4191 0.10942396482044697
4192 0.1116178382243414
4193 0.11116721976636881
4194 0.10459741884216839
4195 0.10081960503003863
4196 0.09457607567665689
4197 0.12221908690897679
4198 0.1673818494460251
4199 0.168352835603457
4200 0.1532183676670138
4201 0.28389459248459414
4202 0.2641143644103987
4203 0.2410932847217688
4204 0.2049525058429312
4205 0.13267303962090543
4206 0.11904916878794988
4207 0.11825403353731442
4208 0.11602974683119317
4209 0.1224964346472061
4210 0.10987998931332536
4211 0.10403512717815644
4212 0.09522368261225089
4213 0.12028774666133943
4214 0.14551478894027547
4215 0.14269872578027698
4216 0.1275070274110678
4217 0.2530191480696687
4218 0.2260533044078709
4219 0.20005679398799675
4220 0.15523824927373006
4221 0.14979026362522482
4222 0.10358445206537695
4223 0.07278749894357146
4224 0.061323202128023696
4225 0.07603966655715409
4226 0.07043093669123117
4227 0.07907473302303222
4228 0.09892984196848376
4229 0.16052161796089204
4230 0.18389400563015867
4231 0.17206018065404852
4232 0.148102162583112
4233 0.22657744070464345
4234 0.17861901113064443
4235 0.14743305771637844
4236 0.09462699588728399
4237 0.10436018240650498
4238 0.09210686574009395
4239 0.08349390402708584
4240 0.07484055089935507
4241 0.10267234646408215
4242 0.11336675540289985
4243 0.11536492497162382
4244 0.1296626496316532
4245 0.1332198167693341
4246 0.12940802228473566
4247 0.12350723773238746
4248 0.12033678579899354
4249 0.11316820549891234
4250 0.1157088106322918
4251 0.10876834212049188
4252 0.1039083604877528
4253 0.14766313254823174
4254 0.1316987085642071
4255 0.13438700738144
4256 0.17072940813959625
4257 0.25635182970694564
4258 0.22845515395660598
4259 0.23171658250473928
4260 0.2309568563636311
4261 0.13850908318679928
4262 0.1577512382007928
4263 0.15816275625558252
4264 0.16628979429736052
4265 0.10244876833415834
4266 0.13420972610750218
4267 0.14510351805659683
4268 0.16234814498885686
4269 0.15837390652181477
4270 0.18926014621320955
4271 0.19545164916084445
4272 0.2055421850842879
4273 0.27079600899441053
4274 0.26391358302325213
4275 0.27497955106077066
4276 0.2763322873347675
4277 0.20575848465072938
4278 0.22628021682481544
4279 0.22947743329446907
4280 0.22722334966820285
4281 0.15297298641112164
4282 0.14342666414520572
4283 0.14029179013156587
4284 0.1350813853735465
4285 0.12457955850547149
4286 0.11278942904705529
4287 0.10546570788246314
4288 0.09828042969473975
4289 0.18214811673940162
4290 0.15588613241420285
4291 0.15769108318277925
4292 0.14869236880248748
4293 0.12472072097910732
4294 0.11505870969345837
4295 0.11396032679500011
4296 0.10845361816146089
4297 0.1243924465763495
4298 0.10832294014884138
4299 0.09741301518872811
4300 0.0902918420640128
