x y
490 0.10987368082097689
491 0.11476419315377163
492 0.1171091723417905
493 0.06208445242716174
494 0.1157117311292452
495 0.1028464451719209
496 0.12418546913993413
497 0.07929230617630383
498 0.11141661714597714
499 0.11054970164251689
500 0.09244918882765821
501 0.09103636870611359
502 0.12610419002919745
503 0.1224548552298424
504 0.10430732127493725
505 0.09953821045739104
506 0.09929243292742364
507 0.10828242651991685
508 0.07909988269852936
509 0.12284303183949769
510 0.09151309173317149
511 0.09581867896793966
512 0.08278990591364102
513 0.09511916018954766
514 0.10784405173047472
515 0.097290738762987
516 0.1074737144068868
517 0.045189127714084475
518 0.09512218326652457
519 0.09096875526544065
520 0.11487746318262472
521 0.059283088467312964
522 0.09421124118602053
523 0.09162412389624626
524 0.11925632787608745
525 0.07282760146228331
526 0.09221801048097
527 0.10106267175923082
528 0.08680164518579439
529 0.04441012513455795
530 0.07018516504839298
531 0.09527067195572092
532 0.10154567126291944
533 0.04917870032230061
534 0.07237720105809202
535 0.09026983286317482
536 0.10433617257844975
537 0.04465788262583317
538 0.09069370718320088
539 0.08057931872459968
540 0.10237778703675897
541 0.03674197114960302
542 0.0754021961748795
543 0.068649572220706
544 0.10196431652380128
545 0.035723333899349397
546 0.08985862803389143
547 0.07693502256632803
548 0.0778529185488522
549 0.10194486453648036
550 0.08395487838749177
551 0.08477380710289453
552 0.06873628638392772
553 0.06055485449445771
554 0.08232214668693677
555 0.08578356753404867
556 0.08067694582300103
557 0.07916518577921504
558 0.08653904123931148
559 0.08771827736925224
560 0.07798299498553334
561 0.07877300181017752
562 0.08309202330035426
563 0.0731389568497875
564 0.07625848105169179
565 0.03960470738810144
566 0.07283178308610147
567 0.06833331487462403
568 0.10061129532461473
569 0.03682955215483323
570 0.06489147147187822
571 0.06996472740688822
572 0.08521722894036537
573 0.05728505181900406
574 0.06228167958117371
575 0.084006603449583
576 0.06897224794883858
577 0.08488594374665054
578 0.07139276470218214
579 0.07929507470381163
580 0.060193436014670955
581 0.0831432449839424
582 0.06877992153240597
583 0.07142979647350037
584 0.06252034602905346
585 0.05388326795465947
586 0.09970991292463112
587 0.08319581087780441
588 0.0871295456862883
589 0.030825201254398273
590 0.08343124048773057
591 0.06774010362340907
592 0.08870703297031539
593 0.029227037694230365
594 0.05056892204010024
595 0.06293370221607486
596 0.07395848256282622
597 0.03036823183736018
598 0.043123938991961874
599 0.06373963530538578
600 0.0732105990860905
601 0.03200416513081247
602 0.05864117822302475
603 0.06600588577010498
604 0.07698753435818743
605 0.03945249482753517
606 0.06187558748882725
607 0.053978243354546186
608 0.08613272598697587
609 0.027113272225831084
610 0.05236080687082706
611 0.0533989103561146
612 0.07744438201860623
613 0.030081394766414103
614 0.0469816613045936
615 0.05053039619454357
616 0.06823453896687195
617 0.02443979386025196
618 0.055193648995937664
619 0.06246347187331196
620 0.0823802233098464
621 0.025005581364083474
622 0.03406377514614114
623 0.05636255618310881
624 0.07400280228425199
625 0.029662227246390407
626 0.03490635817721159
627 0.06206711015924434
628 0.07126694663015111
629 0.025378346608297294
630 0.049840812991082166
631 0.06074134929718977
632 0.07377115332285215
633 0.029772043969800353
634 0.06477053093565577
635 0.07453957588851917
636 0.06251214055747005
637 0.028488989940905776
638 0.06693220099415897
639 0.06791168989478939
640 0.058147080223706925
641 0.03806248583678716
642 0.06346555948031782
643 0.06709646136292215
644 0.049753612688752884
645 0.02720746178742024
646 0.0373287536764352
647 0.053369823792402224
648 0.057379480177064346
649 0.030081125528849142
650 0.05822998394528971
651 0.05786465462379985
652 0.06692196288119544
653 0.02403442046127418
654 0.050257497638371555
655 0.05131271053490175
656 0.0748337739583373
657 0.022918187873270053
658 0.043373860343054065
659 0.04444450834327979
660 0.06911094991311721
661 0.024370776968132918
662 0.04639479822806104
663 0.05892349605958083
664 0.06602664331242827
665 0.026472171389059076
666 0.03782021158832549
667 0.061045750277615406
668 0.0601504265577346
669 0.024940981049905376
670 0.030522275785366006
671 0.04949596035989853
672 0.05208338124564892
673 0.027463317564458346
674 0.04338089044335839
675 0.057665696616624865
676 0.04897750906520275
677 0.029631334943894406
678 0.06146875572460492
679 0.06447203673753918
680 0.05691904015881721
681 0.0327875401117028
682 0.07058089036212133
683 0.0567646520595384
684 0.047677185089047364
685 0.04569215517235272
686 0.05161206928912619
687 0.04624405261255925
688 0.038269034078737996
689 0.03671339149532635
690 0.04820929773770161
691 0.06291586713221818
692 0.04576111279696603
693 0.02788498624402972
694 0.04746726457266922
695 0.04890194115227315
696 0.0441330942571178
697 0.030474217337952796
698 0.05279028615917616
699 0.039275375009216455
700 0.04674635293207057
701 0.024467677873313658
702 0.03655384631054038
703 0.03446839137877618
704 0.06503160157604305
705 0.027402261687082867
706 0.05274252228119694
707 0.04646626216240592
708 0.056321160399039186
709 0.05675018685927261
710 0.05135258013257021
711 0.04914358803430085
712 0.04073941629476945
713 0.030323091445612713
714 0.05036796018558047
715 0.06090075635744279
716 0.049189291739678266
717 0.039957252507217614
718 0.046560021531381814
719 0.05863613252517343
720 0.0449699340365927
721 0.03480033673232366
722 0.045341583972688025
723 0.057210421710439587
724 0.04846074800767819
725 0.02792521932108288
726 0.06843591959539826
727 0.04859357729390916
728 0.05291594713285717
729 0.035653804735976166
730 0.04709954431066402
731 0.03749818529146259
732 0.034707605713831816
733 0.055635610009031305
734 0.053253308990572075
735 0.04162194767958149
736 0.03301818761775241
737 0.025835606639063254
738 0.03391719374723923
739 0.042759907847181505
740 0.0388559066053071
741 0.029247447770383243
742 0.036846046492173094
743 0.04452502111180852
744 0.03934393550024195
745 0.04708708526709502
746 0.04279527512550754
747 0.0427019879836349
748 0.03953556835753074
749 0.04218257091094994
750 0.04357986033347809
751 0.03516023302226668
752 0.03722290961661855
753 0.029117254232354426
754 0.04247675679402712
755 0.041443010751087986
756 0.049226564168486336
757 0.03148209810848098
758 0.037116935070079266
759 0.06058646997155244
760 0.03875373202960314
761 0.04216317247724353
762 0.03615309909374192
763 0.0482638845842578
764 0.03549891545673892
765 0.0401795846393249
766 0.033772586660394316
767 0.043239991616430204
768 0.03628423964280734
769 0.051108143577764206
770 0.04288245305113041
771 0.035910337820292154
772 0.03479480338833161
773 0.028699002282565486
774 0.048522000697466434
775 0.03946018779009378
776 0.03746268357285899
777 0.028661777637098484
778 0.03703995673026271
779 0.035374869213442045
780 0.04434681959615077
781 0.0366784657890915
782 0.04056847250351965
783 0.04781193024800327
784 0.03517030010900643
785 0.03612057199535321
786 0.03578121278743427
787 0.035537455382605825
788 0.03471125886656347
789 0.027484132511244423
790 0.03280384418411604
791 0.03847146477209959
792 0.04067198100695686
793 0.037666779230096384
794 0.03943946886576744
795 0.04056228654145865
796 0.04687451003017676
797 0.03252492855644747
798 0.03825070034957135
799 0.03379264609825537
800 0.052998899197475864
801 0.026587450245656306
802 0.040959118478974973
803 0.03933493941893605
804 0.039860434164464595
805 0.04814098399902369
806 0.031630296904757625
807 0.047117774764837764
808 0.038490467326767516
809 0.026570566210814578
810 0.03351965744763452
811 0.0404561449128503
812 0.033987819438771216
813 0.02826042074897325
814 0.026339226473683884
815 0.03469179755163002
816 0.03952288439236573
817 0.021953174355229754
818 0.031018602159901782
819 0.04051166227946382
820 0.03151954930612755
821 0.02412393662249301
822 0.04655268120256412
823 0.0280200797164916
824 0.04175707053962947
825 0.030214026970120853
826 0.02557766475592154
827 0.029773272873572086
828 0.03382057099789475
829 0.02771300357949135
830 0.02357662261364584
831 0.0341035888570325
832 0.028499444864230943
833 0.024112821007741553
834 0.026885397953722558
835 0.02715675028779234
836 0.03129377505343072
837 0.02774819328168259
838 0.034923359171867265
839 0.04205112540780865
840 0.033063637808926405
841 0.027396770738191606
842 0.03392312903399619
843 0.03432185746922589
844 0.051064505180049326
845 0.024440092548390673
846 0.03791276626757602
847 0.03325671103969744
848 0.03407320283709254
849 0.03271660949696021
850 0.028205626605476167
851 0.03441096662359357
852 0.027977027265793694
853 0.029509937304289767
854 0.035754530353343576
855 0.039450526086325904
856 0.029607631558956442
857 0.027226764161045927
858 0.02719405675722381
859 0.028810853535211275
860 0.027797226425890272
861 0.02469491707418948
862 0.02751131616397803
863 0.023392433887890297
864 0.04687047001101861
865 0.024267463970514352
866 0.030778611818163184
867 0.025796000116970984
868 0.04026357334321917
869 0.02677301828387492
870 0.031116483916437915
871 0.03169250708541976
872 0.02753441499966422
873 0.03439493095644788
874 0.03367980772943054
875 0.03386781431533704
876 0.033205847018378865
877 0.027199814519675562
878 0.026369878999550175
879 0.03478103976358359
880 0.03130877409136454
881 0.024159014149767233
882 0.019456604027545336
883 0.029037631871909702
884 0.03348575508996373
885 0.025646395678632757
886 0.028967201481597822
887 0.02464480117807323
888 0.03419868159504629
889 0.024255128097711756
890 0.032301495502463896
891 0.02317423112254619
892 0.04145615401996811
893 0.025117525243193793
894 0.03167825437553397
895 0.029333691338303613
896 0.03266188751480794
897 0.03087174118751588
898 0.025208568200149287
899 0.03270135654773958
900 0.03137571169312276
901 0.03384059832149826
902 0.02721230736300951
903 0.034323725103252524
904 0.02618381309510186
905 0.03840340602692183
906 0.02705942670098066
907 0.03515188117289414
908 0.028519622436515308
909 0.027450428505803006
910 0.031362005138915725
911 0.03433911553323824
912 0.04259695028359416
913 0.025893143382144938
914 0.037901903836532885
915 0.03012328173796823
916 0.03154584226647997
917 0.024868248700785064
918 0.028295633092689957
919 0.024852133246455084
920 0.038422076951232335
921 0.027589239438020045
922 0.023489646562985383
923 0.039145415165305286
924 0.027698535758006786
925 0.03022556121010553
926 0.03134428725882143
927 0.030813642649862947
928 0.02697571579031301
929 0.027944171982688393
930 0.02632009924139467
931 0.02436486234633384
932 0.02460012412137296
933 0.030918023843167934
934 0.033919569066574756
935 0.021036585097953305
936 0.039213723304496836
937 0.025875604441104483
938 0.029407024221517256
939 0.02308163043976939
940 0.03926697618869047
941 0.02715559192198986
942 0.03844727906906787
943 0.02632805710354236
944 0.03385330578459549
945 0.035930268924495315
946 0.02411954245357853
947 0.03316912572808284
948 0.02741947009501807
949 0.028957259658519273
950 0.02378547779603863
951 0.03445885325995574
952 0.023622848151791637
953 0.02876841055452316
954 0.027561314868933724
955 0.027856239769356913
956 0.02695029727869746
957 0.024402363884032593
958 0.03211432493587336
959 0.02663170596381683
960 0.0275399099124932
961 0.028194989170550334
962 0.03186483968741065
963 0.03181618147473361
964 0.03953316187864184
965 0.025658741000742977
966 0.0262677745851627
967 0.027469763885909403
968 0.02208108844849472
969 0.03288088793509937
970 0.02915705636572808
971 0.035345896429177445
972 0.030098101325412192
973 0.03738176129398505
974 0.029721282371856166
975 0.030153150526323756
976 0.03164408037172622
977 0.03435381495165346
978 0.026637196613724108
979 0.029363493887638505
980 0.031180358854676023
981 0.025705975541857957
982 0.02826610327177574
983 0.026677856555722336
984 0.043604405882433174
985 0.02515251989044914
986 0.029786533600997964
987 0.02143276712295542
988 0.02898703312571464
989 0.027240995830025885
990 0.03762384943457261
991 0.030495601874603734
992 0.03342103665066229
993 0.026477718443914902
994 0.03198650926683691
995 0.023927423205780365
996 0.028505437089494552
997 0.031382544579153016
998 0.03051167405786014
999 0.028529313014103778
1000 0.025204086187669887
1001 0.03444429492377156
1002 0.02977737822155664
1003 0.02213404870648509
1004 0.03289018221756076
1005 0.03424399984457908
1006 0.03167623451576476
1007 0.02325914172434933
1008 0.04029804309649899
1009 0.0327600812185292
1010 0.04118956686920395
1011 0.03474571537371141
1012 0.032949468233379214
1013 0.02809756981041583
1014 0.032354277525727754
1015 0.0328943599091536
1016 0.02587986437908932
1017 0.034949973980513645
1018 0.03457751591048781
1019 0.03101436370323428
1020 0.02943893648377045
1021 0.027542876151745492
1022 0.025865663841939498
1023 0.036099884733790104
1024 0.024156745489203123
1025 0.026274011025885252
1026 0.026258480587005306
1027 0.03186266892961035
1028 0.028210071345019346
1029 0.03551204714304806
1030 0.030716231540028633
1031 0.025900259781748165
1032 0.028114651050421754
1033 0.03489265243817042
1034 0.028679372094049804
1035 0.027581443196433224
1036 0.02700899609527075
1037 0.034170917200169314
1038 0.02212356765406408
1039 0.030127514050681096
1040 0.025755073105850304
1041 0.025687558575777276
1042 0.032644969055738195
1043 0.03582903765430624
1044 0.029040244851660027
1045 0.033966013658440646
1046 0.027906291054578
1047 0.024632074559568198
1048 0.025818902543107775
1049 0.03656150146965221
1050 0.03268564631969391
1051 0.029923956641627954
1052 0.03019547222923168
1053 0.027503076809743864
1054 0.0314987088175369
1055 0.031657177676911834
1056 0.03401706975357962
1057 0.024442966745855367
1058 0.028675364906683768
1059 0.0255008282685734
1060 0.027000110767466307
1061 0.022876669060131444
1062 0.026083418220507436
1063 0.025494386342672582
1064 0.02083029360532006
1065 0.028585122581797604
1066 0.02682395952309671
1067 0.025666115811856575
1068 0.03166797845702238
1069 0.030737170609353024
1070 0.027184450996627883
1071 0.026411923916217387
1072 0.029848247313115302
1073 0.032535789729694425
1074 0.026653615940918366
1075 0.02316007283114606
1076 0.028364565562414137
1077 0.029652283888569525
1078 0.025143678710989773
1079 0.0362545926160035
1080 0.02956196355072121
1081 0.029587662867156937
1082 0.028388223985404352
1083 0.02581679156262379
1084 0.02403706164272819
1085 0.027323165024106432
1086 0.033808755919887294
1087 0.029318741504226104
1088 0.02592317350224369
1089 0.03611067738274362
1090 0.025994937622727594
1091 0.03099053651235862
1092 0.03565648411088818
1093 0.029099379607962553
1094 0.02926368446944632
1095 0.03214572413406249
1096 0.03254237164084197
1097 0.02531725306958389
1098 0.02216316526848655
1099 0.030639832059418892
1100 0.02937957426153707
1101 0.026262974338542487
1102 0.03387682410754845
1103 0.025842518981816685
1104 0.027586574509590817
1105 0.0266198458821398
1106 0.035217716891164146
1107 0.02793101724690216
1108 0.02939560642588506
1109 0.02274322059439821
1110 0.026687089390325276
1111 0.026174565044350662
1112 0.02408499530474239
1113 0.025899260275648144
1114 0.02674349134755067
1115 0.03152820886253883
1116 0.025695551291850027
1117 0.030007516983532764
1118 0.024964351314579702
1119 0.024402516633045653
1120 0.032600138734954674
1121 0.02676433229098488
1122 0.028275291537753457
1123 0.029755767585497177
1124 0.022780715560748618
1125 0.021773577297350435
1126 0.026360747920083628
1127 0.027961835422601847
1128 0.030879200967098806
1129 0.03449730659069274
1130 0.02438233359959755
1131 0.03126183784361967
1132 0.02110586937447527
1133 0.025009142059720324
1134 0.02404360343595729
1135 0.022948693289353436
1136 0.026944212059848836
1137 0.031032591005705913
1138 0.027954880995336474
1139 0.026402520638665876
1140 0.021543181656731157
1141 0.030252137477302817
1142 0.02441065230973664
1143 0.030591112672690407
1144 0.02877401358707486
1145 0.028806149550086275
1146 0.025290244988697055
1147 0.025870705963336644
1148 0.020365125053621026
1149 0.030269074881946127
1150 0.030781670009785943
1151 0.022832796974329002
1152 0.022468047864649527
1153 0.027076303024086455
1154 0.025637034295422374
1155 0.024376971172331625
1156 0.026105334487530205
1157 0.02529805714176108
1158 0.030924851765001742
1159 0.028045321715325304
1160 0.03315018454586151
1161 0.027875738777855492
1162 0.026138961611528122
1163 0.024563103246512633
1164 0.024084598125752272
1165 0.029830696168320875
1166 0.03014769195507279
1167 0.024362932890695806
1168 0.03080933492631349
1169 0.035527955508313586
1170 0.03302533823192376
1171 0.027822460285878987
1172 0.024850334124756186
1173 0.031563884316267596
1174 0.025116960777886832
1175 0.032460336213752536
1176 0.026263421403807097
1177 0.027411851843353787
1178 0.024329848428784967
1179 0.026896412896354242
1180 0.026034943351155925
1181 0.02704806168070101
1182 0.026501115642116383
1183 0.02202541301991487
1184 0.03272631248404584
1185 0.025861871497255547
1186 0.027896830523414934
1187 0.03408419068541598
1188 0.026401921707104602
1189 0.036124342222672946
1190 0.030800813090777392
1191 0.03277859017254813
1192 0.027298840536572493
1193 0.02556531634306883
1194 0.02267410666178571
1195 0.031041472869405604
1196 0.025784640109475135
1197 0.0266458897221166
1198 0.029710653818547823
1199 0.02375055971593915
1200 0.024088876611290496
1201 0.023214664930936928
1202 0.02662202374201363
1203 0.030420009821483907
1204 0.02417647503301512
1205 0.02716508216904044
1206 0.025796258393851565
1207 0.02066484716073152
1208 0.028579463672238074
1209 0.027458357041817993
1210 0.035005278327019815
1211 0.025462501874352318
1212 0.02966682530942536
1213 0.02695657416436204
1214 0.02815548920567291
1215 0.026102483423745847
1216 0.029790713967552795
1217 0.026602692884009724
1218 0.02758995425968699
1219 0.02893279723767381
1220 0.030428857417336735
1221 0.027883990832701166
1222 0.024460081405959785
1223 0.02327622938618592
1224 0.0279067395099103
1225 0.029831532410048635
1226 0.03041921571499819
1227 0.029759085653281767
1228 0.028580630025494352
1229 0.025469721854207695
1230 0.031078976503749776
1231 0.02697490609642334
1232 0.03263540948350266
1233 0.02806622167121486
1234 0.034417440388128294
1235 0.026269797681292402
1236 0.03545724119616011
1237 0.031864437074502386
1238 0.030978662322627158
1239 0.028340653248467285
1240 0.022932305628762594
1241 0.0317457536477206
1242 0.026736903828490328
1243 0.03039911887736916
1244 0.023300102384617067
1245 0.03403511129420705
1246 0.029934847230967173
1247 0.023437624630827766
1248 0.028479935707430716
1249 0.03053574149101238
1250 0.029097866768580356
1251 0.0332912461641867
1252 0.03073369914590283
1253 0.027681854437122143
1254 0.03654713420222658
1255 0.028051099998604542
1256 0.03006551815813068
1257 0.031910416189811434
1258 0.02851264238595547
1259 0.028592544023081944
1260 0.02876943640450947
1261 0.02622264343847976
1262 0.02721662829721837
1263 0.02782451071275973
1264 0.03511116884609745
1265 0.03018441700660589
1266 0.02062297512239586
1267 0.029648586572730964
1268 0.02702656352824929
1269 0.03597532340961205
1270 0.020815354434984636
1271 0.0368248157423576
1272 0.028769489170974938
1273 0.04028835202312062
1274 0.02083071926902149
1275 0.02839528492826327
1276 0.02653680474314666
1277 0.02184678193780051
1278 0.03197745032583873
1279 0.02294567726079624
1280 0.030669086578227485
1281 0.031167189572969572
1282 0.026516512424547937
1283 0.022762997400902863
1284 0.02917418652673813
1285 0.03392804586994619
1286 0.023686538798708228
1287 0.023384093896197937
1288 0.026960630455929325
1289 0.028305781365205163
1290 0.025366321787510682
1291 0.025033612422978975
1292 0.023290864242209552
1293 0.0265321315170862
1294 0.02395871345806218
1295 0.03140111642103898
1296 0.027180216830451957
1297 0.03154829480400298
1298 0.03167477677944801
1299 0.025804201753141954
1300 0.03142022711488832
1301 0.025230930517587794
1302 0.03128364683532251
1303 0.02077242869624518
1304 0.02562321408080006
1305 0.02484462430754275
1306 0.02574039545672689
1307 0.021550849915823848
1308 0.029685310327650427
1309 0.02830693144310319
1310 0.022791572751711953
1311 0.02884408342397874
1312 0.024908543071304235
1313 0.02769525633975148
1314 0.019128356561774286
1315 0.023272889467955225
1316 0.024184684477391482
1317 0.02626663819709581
1318 0.026874147888203255
1319 0.023201754308352498
1320 0.02188904416255243
1321 0.02941483140236787
1322 0.029045597445755945
1323 0.021932067247430083
1324 0.024034630670244653
1325 0.0250623596809966
1326 0.026190002927536524
1327 0.023697774157399907
1328 0.024571830531961877
1329 0.031227149365330862
1330 0.0300164147069823
1331 0.03411977647487017
1332 0.027162733720080375
1333 0.02760836971093312
1334 0.02699395822660244
1335 0.030265055349470712
1336 0.022592801141647356
1337 0.029090947262106787
1338 0.025383362863325667
1339 0.02508915444372295
1340 0.01989895822707416
1341 0.022706944942643373
1342 0.023332710209837976
1343 0.022670855231987645
1344 0.026330893040770718
1345 0.026255048065859894
1346 0.02576378037807846
1347 0.023539602341218026
1348 0.02484961594121445
1349 0.029167129816955545
1350 0.024539162018128356
1351 0.02318666727345724
1352 0.026074592636401554
1353 0.02640049984378056
1354 0.029444380491226118
1355 0.02821315958493176
1356 0.028070549230567343
1357 0.5274523948064769
1358 0.5510828717195383
1359 0.5332529539380395
1360 0.4471775519612233
1361 0.7024155280708638
1362 0.6552747379334875
1363 0.619239974796219
1364 0.5219225675542759
1365 0.45690157457989805
1366 0.506826224229305
1367 0.41058463798919026
1368 0.28883643898939937
1369 0.1052868439280983
1370 0.12982430167128622
1371 0.04970058086851834
1372 0.02877566526922276
1373 0.028019096099215043
1374 0.03216156797179169
1375 0.06831269128250295
1376 0.09044779965018189
1377 0.038098433592758794
1378 0.0867111098295284
1379 0.09776521682528815
1380 0.12152991587492999
1381 0.08478711833420936
1382 0.11406170981851543
1383 0.0999968504723709
1384 0.09409355833886818
1385 0.07367030791532284
1386 0.053542605995935244
1387 0.04807887573782796
1388 0.03573386541336004
1389 0.36973306130361483
1390 0.2878263840606531
1391 0.20441303350209475
1392 0.11125758823672394
1393 0.3932577489896809
1394 0.39986177692093644
1395 0.31549980753412116
1396 0.19561255520932885
1397 0.22078838807403484
1398 0.14565868732402396
1399 0.09455785347341636
1400 0.05898429733206997
1401 0.12774099955220194
1402 0.16586118476702205
1403 0.1311121787278931
1404 0.08666349072335987
1405 0.17117723117405848
1406 0.23272717628220999
1407 0.17050620223887053
1408 0.11592709350707153
1409 0.31882976695828763
1410 0.3203146402884515
1411 0.285856399749686
1412 0.20506368863596244
1413 0.36555916077398387
1414 0.40598434549814666
1415 0.3402797929962726
1416 0.26622557948400855
1417 0.16367948176997046
1418 0.13114908915909565
1419 0.12155296862586042
1420 0.08317557935686205
1421 0.7363120346203833
1422 0.7801873989497983
1423 0.7005834306875276
1424 0.5252490555061227
1425 0.49574701711664504
1426 0.49964219022819883
1427 0.34605866501303595
1428 0.1849384960404838
1429 0.7101567370230866
1430 0.7241805034504528
1431 0.6699782326348613
1432 0.5386972124179451
1433 0.2603938478073842
1434 0.21853735170004313
1435 0.18292782643350683
1436 0.12311669207891957
1437 0.7611207417316715
1438 0.7488141980565287
1439 0.7001481692737438
1440 0.5640946012334239
1441 0.5342617296496565
1442 0.5140895312361082
1443 0.440268969570336
1444 0.34002631790692217
1445 0.33064498746358423
1446 0.25237524641417275
1447 0.18060150147653778
1448 0.11015142947304805
1449 0.2815373163732723
1450 0.2505656096463498
1451 0.16859518544196503
1452 0.13181743644925134
1453 0.5723010037982846
1454 0.5069879860955059
1455 0.40914044582181053
1456 0.24227939957503533
1457 0.27480965845213917
1458 0.2359210177373084
1459 0.16128788018020532
1460 0.15838599092552685
1461 0.1800213063846283
1462 0.16328236815931518
1463 0.15968460203275955
1464 0.13251409436060596
1465 0.2623234010460532
1466 0.21913171761299197
1467 0.1613446720079464
1468 0.13418484639657294
1469 0.24790925404140696
1470 0.24831367709061578
1471 0.26398145225367536
1472 0.2701713178741438
1473 0.2766758075143727
1474 0.2873193856218682
1475 0.2711226505540232
1476 0.24488817272331395
1477 0.13744885627642928
1478 0.22730608831438895
1479 0.2844870562369934
1480 0.3413369183780953
1481 0.09651979949036772
1482 0.14712635372684785
1483 0.1852286262176237
1484 0.2500461457482624
1485 0.22376090319459957
1486 0.23062899684501625
1487 0.22440600501899965
1488 0.20763108376071104
1489 0.29632107467582336
1490 0.3033386481814365
1491 0.2842658817981151
1492 0.22430761988532458
1493 0.2561704648888146
1494 0.2080617621314009
1495 0.22139549682383428
1496 0.22304682350570312
1497 0.1407879360338157
1498 0.2265696286496035
1499 0.2548397280546006
1500 0.28747858044295194
1501 0.15596581143468768
1502 0.23841853067324723
1503 0.2594186064790749
1504 0.301597708100138
1505 0.18272754188921578
1506 0.2900540987670417
1507 0.31653117655829477
1508 0.3055443794470077
1509 0.11464072574202994
1510 0.1316063249406031
1511 0.2172096373768831
1512 0.26307382819010683
1513 0.08032952977873868
1514 0.20308897588485988
1515 0.262674073266401
1516 0.25009374460114003
1517 0.25701708432886344
1518 0.24444336337788175
1519 0.24794181101664922
1520 0.22211654478803122
1521 0.13303604734919078
1522 0.241061353051528
1523 0.26901726222374345
1524 0.2739488854920623
1525 0.276226550468659
1526 0.2979944931426486
1527 0.27573911403179135
1528 0.2383722002173416
1529 0.2584471955249963
1530 0.2312206724087555
1531 0.23925614590181307
1532 0.2075111937273905
1533 0.13540202289748854
1534 0.2553470745042556
1535 0.28576020731443397
1536 0.27383778469815273
1537 0.1420894350471475
1538 0.24525928731928612
1539 0.25561936505084054
1540 0.2797614073094041
1541 0.1882740212266827
1542 0.24465583805140628
1543 0.23532956815138212
1544 0.21402160385809338
1545 0.31009057542423185
1546 0.2833175421695975
1547 0.24351791513177648
1548 0.1773383797130655
1549 0.16053016332316694
1550 0.16906096126687156
1551 0.17820053506280725
1552 0.18342278148321134
1553 0.14002345230790145
1554 0.13685877016254977
1555 0.15096367358568608
1556 0.19681734376017354
1557 0.21073966621360732
1558 0.22240715379916273
1559 0.2228018589080662
1560 0.22302805371931705
1561 0.1114391060307542
1562 0.18566763294367206
1563 0.23517773129873076
1564 0.26801969062454095
1565 0.10068316920716874
1566 0.1981990816648068
1567 0.22928822903940704
1568 0.27451865143168513
1569 0.14631157411719228
1570 0.237291587654588
1571 0.23327467006331945
1572 0.21094815652263665
1573 0.2213447109445897
1574 0.33233603422408853
1575 0.29483853794455794
1576 0.2205043247727745
1577 0.2823041378085797
1578 0.2963683320530948
1579 0.2907044545882737
1580 0.29338321615660656
1581 0.3404687459011695
1582 0.3440621859982404
1583 0.3452356340571532
1584 0.33997387951626346
1585 0.37555317175393255
1586 0.356407981252833
1587 0.29168264025051494
1588 0.20653611411722633
1589 0.19767180616212632
1590 0.2048277496697401
1591 0.20927075719528737
1592 0.22002913769880586
1593 0.20257598062695167
1594 0.20471694920296277
1595 0.20702691827020778
1596 0.21619094952744844
1597 0.20621963214546749
1598 0.20774485836735354
1599 0.2119621213615324
1600 0.2121653468444031
1601 0.1806026890168508
1602 0.17936242911922737
1603 0.1891473673072535
1604 0.19343473594294333
1605 0.2961418636827549
1606 0.297808897932567
1607 0.3011640385267024
1608 0.29697681743037047
1609 0.31605919315933556
1610 0.3101030364653431
1611 0.30932967654983506
1612 0.2953012124695354
1613 0.3354347961105246
1614 0.35277852949698635
1615 0.3393000831070092
1616 0.3169162957604367
1617 0.25871349328449167
1618 0.2866794653641122
1619 0.25327421904851194
1620 0.21879412728148098
1621 0.24483630704610174
1622 0.2557079437132943
1623 0.23374584147283656
1624 0.1984286825601756
1625 0.25591281677323124
1626 0.24870842933064086
1627 0.20853119382815463
1628 0.16123822089870968
1629 0.26946725000224886
1630 0.2265353049122106
1631 0.1775228660742778
1632 0.09433388290477053
1633 0.27629138186792934
1634 0.267856110710456
1635 0.22021003727315233
1636 0.15514593315232483
1637 0.796352468814633
1638 0.7889018175590489
1639 0.7833232123547634
1640 0.7427892139376799
1641 0.8614315381430737
1642 0.8479815022909879
1643 0.8364973097473953
1644 0.7987705237033222
1645 0.8332592422782426
1646 0.8100320825204467
1647 0.7699555234106293
1648 0.6728940164758346
1649 0.6692061116537262
1650 0.552351415571416
1651 0.40370082284857955
1652 0.1970177893847961
1653 0.11656735650279808
1654 0.19023929631141148
1655 0.2662307164378602
1656 0.3180083497055775
1657 0.1525947474304303
1658 0.1791084331999272
1659 0.19625028133350086
1660 0.24293481991208254
1661 0.371385274442016
1662 0.4076457721484731
1663 0.4067823665687721
1664 0.416766069294341
1665 0.35955830663320887
1666 0.42123935062239287
1667 0.44069145024917133
1668 0.4613834596648296
1669 0.1657132638838463
1670 0.21176976948994625
1671 0.19605802380438733
1672 0.21290121993063452
1673 0.27630768803164407
1674 0.2942061958015348
1675 0.2740816806288197
1676 0.23834082985136357
1677 0.7984353227703013
1678 0.811183555823702
1679 0.7954509422732001
1680 0.7344007942723269
1681 0.2974981724134517
1682 0.14514178253203364
1683 0.09397400631125793
1684 0.09624844044973194
1685 0.34048391396766375
1686 0.32411964055367937
1687 0.30861460148226444
1688 0.2665472131433978
1689 0.6078269079107992
1690 0.548152733094234
1691 0.45769538246058183
1692 0.2541083114364657
1693 0.7144702870854738
1694 0.7089384104664952
1695 0.6420822533169536
1696 0.5374805410852947
1697 0.7693758413276232
1698 0.7639399166501727
1699 0.7560069729286881
1700 0.7362686911257411
1701 0.7663897801233434
1702 0.7933340851784789
1703 0.7944669738759361
1704 0.795061449151014
1705 0.762088928228114
1706 0.7579587083765337
1707 0.7432189081593036
1708 0.7441864258236744
1709 0.6775005913997778
1710 0.6278941023818151
1711 0.5235238342082073
1712 0.38754368965185176
1713 0.7150386882964028
1714 0.7383781533215655
1715 0.7266146134546834
1716 0.7404191795096587
1717 0.5265561962877375
1718 0.5094804532708354
1719 0.4816017420115553
1720 0.4481468929380492
1721 0.6498487386001792
1722 0.34386127560913726
1723 0.26663268536437784
1724 0.13836504927119622
1725 0.32166511071340764
1726 0.2999116610785531
1727 0.34622507569824335
1728 0.39102993966845284
1729 0.35251327890260103
1730 0.4930606830163392
1731 0.4881801580697954
1732 0.480443600868057
1733 0.7477002451634558
1734 0.7308454017969443
1735 0.6934425016146306
1736 0.6416876319340946
1737 0.36963278069480404
1738 0.5822655245045589
1739 0.6026898453038957
1740 0.6159608402700989
1741 0.7101070442575698
1742 0.560593929696431
1743 0.506548675072847
1744 0.4095733490411883
1745 0.5402029691350422
1746 0.7293693983253504
1747 0.7370428456170427
1748 0.7348982508031807
1749 0.5210235971979472
1750 0.2907097621101579
1751 0.21485751346650248
1752 0.1808572303061775
1753 0.3554790998595272
1754 0.5476806235863725
1755 0.5704170099514915
1756 0.5872528798178576
1757 0.3163302490999851
1758 0.3007837252542023
1759 0.3166629358956394
1760 0.35902716569919996
1761 0.3820030695822912
1762 0.42753806666292704
1763 0.46347827658251095
1764 0.49563741924181
1765 0.3719786095184083
1766 0.3727996361542385
1767 0.3639440246861834
1768 0.3432561734405796
1769 0.3575320467914025
1770 0.36410580045341284
1771 0.36247972324981076
1772 0.3601341928139881
1773 0.4357157333669156
1774 0.3517536662540809
1775 0.3521884090942809
1776 0.3322167244472329
1777 0.22025995765005527
1778 0.3131499888712295
1779 0.3355033430984388
1780 0.3681966826133802
1781 0.4790261042464458
1782 0.5785267469695518
1783 0.562509671805337
1784 0.5063673724057133
1785 0.23576153253347976
1786 0.29350301797154926
1787 0.29114325471512426
1788 0.3019635107332065
1789 0.22726311382748055
1790 0.32672092792508933
1791 0.36561467249945856
1792 0.3985415370118126
1793 0.4712731284655134
1794 0.4820772379854046
1795 0.479949683633372
1796 0.47884192537722653
1797 0.43869341456690736
1798 0.3771037360860548
1799 0.5078544411091485
1800 0.610047649186319
1801 0.6962683045277309
1802 0.6700949832780113
1803 0.6378853458141306
1804 0.6000089357150198
1805 0.20185936912182126
1806 0.11733965286933865
1807 0.11661776852070711
1808 0.16463420976140025
1809 0.33153099388729534
1810 0.29344252365335777
1811 0.31867787514933266
1812 0.34772201705331723
1813 0.2902917931257731
1814 0.4164196227729134
1815 0.4550653190949681
1816 0.4794345108127785
1817 0.3032534344160109
1818 0.32413075253782797
1819 0.2843970010527464
1820 0.2867471011997068
1821 0.40993614533674627
1822 0.4781852627595292
1823 0.3861273249424882
1824 0.45385387887119194
1825 0.41412023863941544
1826 0.6152783742208724
1827 0.6322154741172334
1828 0.6611667719687812
1829 0.473223395657848
1830 0.3689085322862742
1831 0.36408273417005926
1832 0.39167334091571615
1833 0.43127496808765947
1834 0.3615875198983583
1835 0.3895644255547179
1836 0.4067652306427777
1837 0.4727620803464959
1838 0.5097709164617031
1839 0.552732706868257
1840 0.5722137721818565
1841 0.20740190781909365
1842 0.5185647182384598
1843 0.6887882320004143
1844 0.763490508254635
1845 0.7561942142083456
1846 0.7573275268006414
1847 0.7671211438576165
1848 0.7711153010903803
1849 0.3592085944304068
1850 0.35048734399099146
1851 0.3453770528026474
1852 0.3291344932369055
1853 0.4879854241656175
1854 0.6533840306211215
1855 0.6763668752061502
1856 0.698564072042813
1857 0.5664698954491265
1858 0.44016621771153247
1859 0.4302674517215778
1860 0.48025204527117066
1861 0.7893525645394716
1862 0.8245830588332207
1863 0.8272921039015821
1864 0.8155292797302971
1865 0.5808178839227638
1866 0.5488503239365978
1867 0.5183690911306411
1868 0.49741735420640604
1869 0.38180638338458184
1870 0.5789670429144765
1871 0.6275643628890173
1872 0.6541140472227058
1873 0.6846907227037498
1874 0.5766763797041481
1875 0.4597268720242288
1876 0.41156527064497866
1877 0.509421973312834
1878 0.5805771432784125
1879 0.5232115514694965
1880 0.4616359992006135
1881 0.357367009882964
1882 0.4084186197386439
1883 0.41964907954763997
1884 0.4187428186483645
1885 0.4327738221305558
1886 0.3629626670160903
1887 0.3503402308772078
1888 0.3397171077146011
1889 0.3465593242359677
1890 0.5054960459457601
1891 0.4904451456784052
1892 0.4867956954679892
1893 0.5089950342444932
1894 0.38123292605499925
1895 0.3103820330939926
1896 0.22448149800295827
1897 0.30591452383593715
1898 0.5033694959667443
1899 0.5130031293850369
1900 0.4942464531706946
1901 0.30178549430581464
1902 0.3690247354776212
1903 0.4023794154414246
1904 0.44226120231325733
1905 0.44747841489930856
1906 0.2161592158812348
1907 0.17356725448388546
1908 0.13669667214582915
1909 0.44999311043207785
1910 0.4391318498408568
1911 0.42690460006659153
1912 0.40453486591830023
1913 0.2786917661940228
1914 0.3391083905438707
1915 0.4075432595755469
1916 0.4443017944172246
1917 0.4657958205388738
1918 0.7994535481082912
1919 0.8235861168634119
1920 0.8139515884141373
1921 0.5166378840899033
1922 0.24277689087564513
1923 0.2500113391887481
1924 0.24444601417771325
1925 0.4176612490408787
1926 0.4815775406302205
1927 0.49543933488837694
1928 0.49255773735763775
1929 0.3976786097521044
1930 0.37558608004639177
1931 0.4210007546958465
1932 0.45604712849032025
1933 0.4949929481345494
1934 0.4682397208847516
1935 0.4556762399920134
1936 0.4354741699333001
1937 0.4094370659184975
1938 0.5037592115214464
1939 0.4828373461897963
1940 0.4673440771049009
1941 0.4650390479594359
1942 0.5697341997446976
1943 0.5583042951875247
1944 0.5528571060304658
1945 0.20431192338046678
1946 0.11212514242050838
1947 0.10167070807676291
1948 0.10688383727587566
1949 0.2694530815397455
1950 0.31952034090737363
1951 0.3735046215363204
1952 0.41549543249547494
1953 0.3456183955986423
1954 0.5067002485319906
1955 0.5966848144493616
1956 0.6712058312488807
1957 0.6583101203636289
1958 0.40083067209195494
1959 0.4647266778489066
1960 0.5502343734486151
1961 0.20051512594421445
1962 0.3022810566949079
1963 0.35295935242690485
1964 0.4118161712097661
1965 0.3835792444058508
1966 0.20963428702026773
1967 0.20816018548960438
1968 0.22646749076603848
1969 0.17866460014087018
1970 0.26785187880068034
1971 0.31106010765178965
1972 0.39172621559602144
1973 0.33490624355978216
1974 0.5026374008521728
1975 0.503015332643444
1976 0.4947643975479034
1977 0.47868332366637933
1978 0.7437444361286524
1979 0.7451566592984714
1980 0.7126888312469459
1981 0.5285545214611699
1982 0.23853416723908824
1983 0.23407571870725452
1984 0.22209789643046174
1985 0.44586844712768087
1986 0.5227644521811414
1987 0.48953279293083746
1988 0.4694740580894047
1989 0.17917720684756033
1990 0.38978674926911516
1991 0.4483886392564361
1992 0.5200082444264894
1993 0.38664613797393277
1994 0.2946732981780691
1995 0.3695075777250937
1996 0.4173667386082214
1997 0.2635722337789471
1998 0.33882556609899256
1999 0.34189540594562295
2000 0.3698098231785711
2001 0.35884116063991356
2002 0.3562725101758946
2003 0.3455187292288954
2004 0.3338671322239411
2005 0.3519032354009077
2006 0.35831326007731096
2007 0.3639027979661281
2008 0.36411382178493834
2009 0.3753963621719897
2010 0.4178785482556606
2011 0.4672289079735247
2012 0.4978794377389547
2013 0.48241275549128276
2014 0.29617284202307465
2015 0.33498014152565525
2016 0.3311997631987591
2017 0.3978886479558651
2018 0.4630734287959687
2019 0.4530369016805262
2020 0.4323954197241293
2021 0.4681311505584773
2022 0.579728287125064
2023 0.580024881194055
2024 0.5872121137489069
2025 0.23901728259950658
2026 0.20840714287044518
2027 0.30790860361404293
2028 0.38448276614604593
2029 0.5368437678835972
2030 0.2737604683982627
2031 0.2802072244824435
2032 0.33808980446699366
2033 0.5689481755013853
2034 0.42621968167301116
2035 0.4395205459276995
2036 0.463447193986697
2037 0.6186557531734121
2038 0.35556056973925537
2039 0.37261061243069227
2040 0.4106136222051882
2041 0.3464393180650514
2042 0.4818808557497226
2043 0.522332360059492
2044 0.5565123604195165
2045 0.47918002804100157
2046 0.34163980187330617
2047 0.29430164334048103
2048 0.22661142160953845
2049 0.12569392874528273
2050 0.43021575435411075
2051 0.46909051007512875
2052 0.47270640678231324
2053 0.5152763280075713
2054 0.2984771941088202
2055 0.29959340598962403
2056 0.2829761559750228
2057 0.41306683541006733
2058 0.30947012763271065
2059 0.2921741242604356
2060 0.2607836110256342
2061 0.4896462564096441
2062 0.5011864133823172
2063 0.49267659146868253
2064 0.4742986673440428
2065 0.24896499788562426
2066 0.27967257071701346
2067 0.30958430187308855
2068 0.33579978575490893
2069 0.36794357869551386
2070 0.7532557313633526
2071 0.7956292276904923
2072 0.819188978693807
2073 0.7369259585133972
2074 0.6956510185233531
2075 0.6435129361569037
2076 0.5999942116125092
2077 0.4090177065999989
2078 0.45149874749391244
2079 0.455019630824941
2080 0.4557959903722894
2081 0.4187280301269918
2082 0.44043406777956207
2083 0.4539317669691579
2084 0.46385973815952575
2085 0.49323799344301333
2086 0.34435126537086685
2087 0.3650342530523341
2088 0.3951571693540861
2089 0.43306425539082943
2090 0.3832832050575222
2091 0.37207681091307077
2092 0.36045406772400107
2093 0.36988750754660626
2094 0.3708201717389715
2095 0.37024001434377474
2096 0.3678045546550404
2097 0.28660716227636035
2098 0.3315821379084462
2099 0.3531505003395505
2100 0.3700456884341675
2101 0.4326855610547015
2102 0.43817880796918296
2103 0.48180787488018856
2104 0.5097657010142533
2105 0.6406546343078768
2106 0.6106920567910139
2107 0.5709735900920607
2108 0.49530550701363907
2109 0.28948010826622816
2110 0.2484461594312875
2111 0.24084739167397082
2112 0.2609567487889636
2113 0.1452063528862306
2114 0.18915400286955686
2115 0.17944629718560304
2116 0.15759968043124392
2117 0.11121568342466288
2118 0.1495561169252966
2119 0.15344218369426443
2120 0.16420675422501985
2121 0.3384108629190777
2122 0.3489299044080449
2123 0.3795407955054955
2124 0.39078140104843484
2125 0.4965062628867422
2126 0.366681016580681
2127 0.3522709122204761
2128 0.37290874353946063
2129 0.5376276756415928
2130 0.5984651887082669
2131 0.6081027116685682
2132 0.6264880177014724
2133 0.5461269195338638
2134 0.5154329126350372
2135 0.5036935319066879
2136 0.4916910604127971
2137 0.4040442893331934
2138 0.4388400206861871
2139 0.45235248753717033
2140 0.4592376849822309
2141 0.4609418896449927
2142 0.4781971837056951
2143 0.5004491462648707
2144 0.504865679613375
2145 0.5199784339892475
2146 0.494573473759193
2147 0.4829990563091202
2148 0.46112794427094395
2149 0.4385216406186455
2150 0.3928838165255778
2151 0.3782313958910418
2152 0.35382608518799974
2153 0.2763900195596201
2154 0.2958086190301837
2155 0.29733873402270783
2156 0.3043364931564119
2157 0.3883034432605544
2158 0.48327768784399666
2159 0.48314525172091904
2160 0.4857789364983658
2161 0.5244732531990106
2162 0.6202522673214181
2163 0.6227473777376586
2164 0.6009302547204245
2165 0.27603866410807065
2166 0.1030273037653918
2167 0.09410514588920152
2168 0.09920704636203867
2169 0.23991512958343517
2170 0.18444397449179098
2171 0.17643162841016322
2172 0.17383001855151003
2173 0.17757017005291434
2174 0.31867456027509433
2175 0.3407735110858065
2176 0.3577274356836141
2177 0.28133613139642705
2178 0.32202441376800167
2179 0.34437054912845044
2180 0.3565295540362752
2181 0.28596432823669926
2182 0.42216927276123717
2183 0.44840647788964716
2184 0.4611459172621155
2185 0.5525446884214823
2186 0.6618572155986275
2187 0.676085856112016
2188 0.6808374033384055
2189 0.4865242541165543
2190 0.33662547936301634
2191 0.3140444250821708
2192 0.3248081509756464
2193 0.3157200321424799
2194 0.3864306858090166
2195 0.41947984662342575
2196 0.44309320009744646
2197 0.27378747004912896
2198 0.3447369827348199
2199 0.4099166111661136
2200 0.4671575580325002
2201 0.37483999545548485
2202 0.3417188941892933
2203 0.37640964404918387
2204 0.40326884557434356
2205 0.41349938206731685
2206 0.406467408687547
2207 0.4028852742531856
2208 0.39985106745345395
2209 0.33238791272945617
2210 0.4781371114043685
2211 0.5045687639885095
2212 0.5244206627641469
2213 0.5002068594553764
2214 0.6886363502065064
2215 0.7542314790356882
2216 0.7688845076043953
2217 0.4116047575676547
2218 0.20241978781749384
2219 0.2210521454498619
2220 0.22842758745133784
2221 0.32309336446807496
2222 0.4632102342909696
2223 0.4780301146414317
2224 0.4852566423912053
2225 0.19604262643195536
2226 0.22007826402407332
2227 0.3158600513135549
2228 0.41512481489127406
2229 0.39465273238717696
2230 0.3022707239869069
2231 0.532008987153507
2232 0.6790330088695605
2233 0.4063364678798099
2234 0.4730115229599059
2235 0.4873764970346157
2236 0.4941661802056057
2237 0.3842156624775266
2238 0.11489688136860492
2239 0.21864050675534924
2240 0.2973343150498774
2241 0.19951781511486913
2242 0.4634664897373554
2243 0.5002544613192927
2244 0.5370624286507417
2245 0.7125955565234496
2246 0.44513886452351237
2247 0.2402094716767027
2248 0.26353934952902036
2249 0.4537380034479856
2250 0.4800839128037982
2251 0.4842773692307096
2252 0.4825707383246274
2253 0.4725824087460257
2254 0.3337037147593366
2255 0.287126090674539
2256 0.271935277746663
2257 0.279052514897535
2258 0.35112983745728754
2259 0.4111964946403022
2260 0.4272347967326028
2261 0.2289928634392373
2262 0.2853081244314126
2263 0.28436735517835293
2264 0.2914607564934693
2265 0.44851465120814665
2266 0.4804079308505395
2267 0.46335525129448407
2268 0.38651353564590496
2269 0.2954072190161593
2270 0.31689485517374094
2271 0.3070767027457925
2272 0.31324437269420924
2273 0.25336146442736784
2274 0.38083334840789507
2275 0.42420759074368
2276 0.4349167973431287
2277 0.1891124288738432
2278 0.2418732531652142
2279 0.2503290976879229
2280 0.252612390870739
2281 0.2709207197803974
2282 0.27949046502137814
2283 0.27526468017007444
2284 0.24734881474144416
2285 0.255549287508783
2286 0.21907824882289265
2287 0.20801198913641317
2288 0.20151013701795245
2289 0.16440683558117797
2290 0.2596039543064743
2291 0.31595470937032594
2292 0.3328805731772919
2293 0.3607032459472801
2294 0.31035612447426214
2295 0.3021821838065384
2296 0.2944836321166013
2297 0.26843960310558507
2298 0.28661187935179744
2299 0.33868928477671656
2300 0.40538139285842223
2301 0.497528685357054
2302 0.37906140074110417
2303 0.3489715391407552
2304 0.3126192604260841
2305 0.40754555138825027
2306 0.463493719846214
2307 0.43952682788437547
2308 0.3979472381010419
2309 0.182832086169845
2310 0.1894853176440411
2311 0.1866258647159736
2312 0.19360066083204172
2313 0.2946920093673042
2314 0.35499171946154634
2315 0.3561464430356027
2316 0.36233253004771276
2317 0.25278204858130876
2318 0.19852830076710543
2319 0.20069422977216625
2320 0.23281394417313953
2321 0.3478211258119693
2322 0.4086804728031734
2323 0.4350877654341894
2324 0.46491223413722593
2325 0.3414971768288399
2326 0.33369324387845306
2327 0.32243151004144904
2328 0.3313857185270679
2329 0.24286550242406896
2330 0.22238350159523015
2331 0.24427439078127583
2332 0.27665458430222173
2333 0.3266952493213107
2334 0.2668407409806533
2335 0.22324861158449966
2336 0.1482268174307935
2337 0.21498275371581252
2338 0.27933100826832724
2339 0.2881484043978169
2340 0.3043691888781453
2341 0.3633955255934749
2342 0.2532722356161645
2343 0.17400529880999943
2344 0.18746532457214835
2345 0.28479696359609796
2346 0.3327112507304913
2347 0.3270372740689444
2348 0.3221271900543099
2349 0.38871679576545654
2350 0.2669601314508465
2351 0.15615961412774493
2352 0.2092982571693664
2353 0.3354875666750863
2354 0.35070652102590344
2355 0.3406996444721877
2356 0.333587305066914
2357 0.4379127758762655
2358 0.3752869849774751
2359 0.32467546957915555
2360 0.3144377969248728
2361 0.31972848996166664
2362 0.34828177331393373
2363 0.34493207169873896
2364 0.3350282953380354
2365 0.39078782766198
2366 0.49106271590490924
2367 0.4849463547037782
2368 0.487143071132306
2369 0.4169864924542301
2370 0.41654246193870753
2371 0.39989364090545926
2372 0.36899753679242214
2373 0.6128448881744477
2374 0.6318385172312855
2375 0.6119945756608546
2376 0.5946913564711518
2377 0.5299744115673757
2378 0.5838180625126584
2379 0.580644621818759
2380 0.5742087054150078
2381 0.511291040100947
2382 0.555305158964087
2383 0.591697533153409
2384 0.6183475706141133
2385 0.6657914274916946
2386 0.6123667620824609
2387 0.5776333068747013
2388 0.5342924847884968
2389 0.4806570639337332
2390 0.7054030668917679
2391 0.7390521673767685
2392 0.763540076266696
2393 0.772254503699665
2394 0.7861933646560814
2395 0.7849764601151933
2396 0.7733429003919516
2397 0.24316094864143675
2398 0.3027520652876712
2399 0.4008749170337305
2400 0.47674577711585164
2401 0.6190866719653071
2402 0.6600261502237295
2403 0.6374063378851077
2404 0.6029327292779766
2405 0.3182432878847469
2406 0.4219703273759334
2407 0.4313165464986729
2408 0.43132795128631546
2409 0.45934821077525456
2410 0.6430445281778829
2411 0.6530012326955654
2412 0.6461322810162963
2413 0.4285721825507344
2414 0.3578814756275298
2415 0.35773455141393545
2416 0.35592908514646115
2417 0.37641117642621835
2418 0.6445640156072083
2419 0.6689758557167041
2420 0.6826826496691769
2421 0.40002875632151075
2422 0.40708197843469807
2423 0.4022241827441944
2424 0.3964314953598349
2425 0.392957926726673
2426 0.523739796979231
2427 0.4766891216150053
2428 0.3779152836000735
2429 0.2366674521193327
2430 0.23442231279986853
2431 0.2491929169553615
2432 0.24907911571136088
2433 0.3600002402905336
2434 0.35221762583241056
2435 0.40108396299008064
2436 0.4452549458380762
2437 0.3097753144168458
2438 0.34188993356772046
2439 0.3414788080294296
2440 0.3400986264075304
2441 0.3676171226259129
2442 0.48906869451576435
2443 0.4754954193830271
2444 0.41106459462581957
2445 0.3759023282505121
2446 0.3928085231234358
2447 0.40664704696403287
2448 0.4137319609701207
2449 0.3025978626428652
2450 0.4069623615210921
2451 0.4264315934491804
2452 0.4330582829893243
2453 0.49053762283098357
2454 0.5495521605302451
2455 0.5606268276097269
2456 0.5658502004782585
2457 0.4729527165186263
2458 0.4014438872433206
2459 0.37346087043856613
2460 0.36459835176898747
2461 0.39993819305184014
2462 0.4459616610889989
2463 0.4547098205328366
2464 0.45684429569844753
2465 0.35588750809809494
2466 0.34033953612911566
2467 0.34614673946612085
2468 0.35509448559933565
2469 0.36608778346330756
2470 0.5236301469981822
2471 0.547750217796442
2472 0.565894207015877
2473 0.4173174480349948
2474 0.26599624048771936
2475 0.2323293548256298
2476 0.23306244429398776
2477 0.28305881084104
2478 0.2750941183368352
2479 0.2577488770944057
2480 0.22845749539798374
2481 0.2511220967662514
2482 0.2358485369537033
2483 0.2282175604569558
2484 0.22968065915707
2485 0.26291048789604593
2486 0.2329104958868656
2487 0.2036953797430726
2488 0.18965140205833306
2489 0.35098829061547854
2490 0.33719586518927297
2491 0.327995039272985
2492 0.3177356424906992
2493 0.24299505722162482
2494 0.17138124270168137
2495 0.17575208001143572
2496 0.18725947521909664
2497 0.2521440136819606
2498 0.2690460897511765
2499 0.26441503165431657
2500 0.2598709767677912
2501 0.29203579841650257
2502 0.4303217359245873
2503 0.42795065242209135
2504 0.3976256975594074
2505 0.45466210674305485
2506 0.4222504556353339
2507 0.4097277310286796
2508 0.39741807563173204
2509 0.35810719257381374
2510 0.3659720999881913
2511 0.41312149854667274
2512 0.4405875499033925
2513 0.3097268698737654
2514 0.22079472987955767
2515 0.19467508362245464
2516 0.17895061304580753
2517 0.20652887749150872
2518 0.3595494189814083
2519 0.42620911689928676
2520 0.46396625857703366
2521 0.30930494564376965
2522 0.23746078272792162
2523 0.2161833333707719
2524 0.18286033047104566
2525 0.17341359132578785
2526 0.25782668628819944
2527 0.31223341015949746
2528 0.3482952364111228
2529 0.15015296567066477
2530 0.2270551515570602
2531 0.2479059734957929
2532 0.2757209139192153
2533 0.30413140234307345
2534 0.29472989918651754
2535 0.29368346004862134
2536 0.28098681192595504
2537 0.2783411348299606
2538 0.3076684272282289
2539 0.35755600761017986
2540 0.3960698107525278
2541 0.4407313888977351
2542 0.44680367867876947
2543 0.4343054071420773
2544 0.4004088076295115
2545 0.41634624250982394
2546 0.3082446156370858
2547 0.26857638116557225
2548 0.22730011379592668
2549 0.396186778016255
2550 0.5165628539619029
2551 0.5180467623046414
2552 0.5233269585563007
2553 0.3847972220436783
2554 0.15811933275702897
2555 0.11854853741241887
2556 0.13913474833261613
2557 0.17796685036548449
2558 0.17025483722770576
2559 0.16967819215260452
2560 0.17438349312643803
2561 0.18301418205861247
2562 0.2910525976207116
2563 0.29260653767855455
2564 0.2823239239646187
2565 0.20436756559560226
2566 0.24087306848374762
2567 0.24237367121953765
2568 0.24966249312898506
2569 0.2475176507746601
2570 0.38231543398690115
2571 0.40856995011935415
2572 0.3731957291623573
2573 0.38978968015866355
2574 0.4208201219446881
2575 0.4256815548983099
2576 0.4246834972425599
2577 0.5076501478689719
2578 0.38578173450656267
2579 0.33493929416515694
2580 0.27834714961627444
2581 0.33795040984254343
2582 0.29244783396192314
2583 0.2946744317143392
2584 0.28167222642931494
2585 0.4267728956880613
2586 0.2906219096618495
2587 0.29482684069419146
2588 0.2901066692910698
2589 0.29099169014228377
2590 0.3388233858748767
2591 0.3412095160243544
2592 0.3416654435275893
2593 0.34940800915614434
2594 0.4107574117623523
2595 0.40950641921246944
2596 0.47548712692690104
2597 0.284588906290318
2598 0.37285118555056274
2599 0.36857413869231476
2600 0.37269820782592283
2601 0.2925270522307632
2602 0.5273786292591983
2603 0.5855133264634421
2604 0.6440189485941427
2605 0.33786578482305724
2606 0.36176214580302785
2607 0.3754593989377621
2608 0.39204954969463035
2609 0.4108104706259074
2610 0.5387693455602758
2611 0.6175490126014449
2612 0.6857770585648111
2613 0.4725162894118192
2614 0.4852227617030469
2615 0.47585806231022043
2616 0.46413136840641983
2617 0.4192943275186052
2618 0.38045719264431305
2619 0.40332650895116595
2620 0.4511383991365741
2621 0.42375612149996805
2622 0.38358198741412103
2623 0.3723710368615046
2624 0.3570232552630591
2625 0.25470979497442336
2626 0.28751699681847903
2627 0.3294303131584929
2628 0.39769591067593285
2629 0.3421953956661838
2630 0.3600890491712725
2631 0.3604811599111852
2632 0.362820274159527
2633 0.3432565409878558
2634 0.3201988852543311
2635 0.2909206889057457
2636 0.2629722064840765
2637 0.22563519350561215
2638 0.23041821029377313
2639 0.21387197388407686
2640 0.20170030179557663
2641 0.27831872532221136
2642 0.2771022596110598
2643 0.29149071048709
2644 0.3033041909973959
2645 0.20253840815069785
2646 0.22701246958657798
2647 0.23419520825395201
2648 0.24017061198945977
2649 0.23129056855867075
2650 0.2926671630972668
2651 0.31653609078043604
2652 0.34120468053448044
2653 0.4028478099195557
2654 0.3708217555403826
2655 0.36224698756943136
2656 0.34475849751804793
2657 0.2714154793536453
2658 0.38235418721364056
2659 0.4162112067091713
2660 0.44913130448720723
2661 0.5412894798813943
2662 0.5038994535054735
2663 0.5081909455810303
2664 0.5045261191705245
2665 0.21486444780408365
2666 0.2810507460485484
2667 0.3100613104113264
2668 0.33608377445694665
2669 0.4324329817965968
2670 0.35035187873642887
2671 0.3579093755822004
2672 0.35583281698845437
2673 0.42485046401233895
2674 0.462169996975349
2675 0.4689254076957761
2676 0.4715297430052166
2677 0.5616754713426436
2678 0.5749191268734496
2679 0.5657049203123625
2680 0.5428817429210632
2681 0.4130426622804315
2682 0.3458352980993927
2683 0.31108774820849416
2684 0.27577983771960235
2685 0.20938944244760252
2686 0.29231639589322167
2687 0.3113587665693497
2688 0.3319745069837497
2689 0.29730264641846793
2690 0.2864148563272622
2691 0.2887168172984818
2692 0.2902639581204527
2693 0.17500831080876866
2694 0.20529972594486762
2695 0.20674059621874852
2696 0.20784215961555624
2697 0.21369169888270997
2698 0.21316936600885225
2699 0.21678656383012995
2700 0.23070060477727822
2701 0.2553578540928266
2702 0.15446697886638613
2703 0.20261266241718437
2704 0.24366701080099548
2705 0.282732364402212
2706 0.3820288866138196
2707 0.3982551890926799
2708 0.40989206328198746
2709 0.3667696069532064
2710 0.20634312300993846
2711 0.16784813939507898
2712 0.17866760002655935
2713 0.3248523678091883
2714 0.41034321810079455
2715 0.4166059723700714
2716 0.40734982179165785
2717 0.4320533090028578
2718 0.31916761200483834
2719 0.2808584358797357
2720 0.3018496223689092
2721 0.3573669054073074
2722 0.3206030992224812
2723 0.33684457613688984
2724 0.3364007998160654
2725 0.4820934955028616
2726 0.5525276888191019
2727 0.5446382061264659
2728 0.5368562255088226
2729 0.2712079199039532
2730 0.20179619213800437
2731 0.22050389624205777
2732 0.22820813856409708
2733 0.3398680481852003
2734 0.39052217917694926
2735 0.39860136344312236
2736 0.40487468505832724
2737 0.3647570268466177
2738 0.3343005841429053
2739 0.3767288616849235
2740 0.4016995592924925
2741 0.4389462902906944
2742 0.41402402430054946
2743 0.40385471746172547
2744 0.42456284114739246
2745 0.43567551777868035
2746 0.34104966139286264
2747 0.30765547074387595
2748 0.2751909733443156
2749 0.17349527764512088
2750 0.15832807573892094
2751 0.1626908470259757
2752 0.15977275677749397
2753 0.14069882333892123
2754 0.23417907250577832
2755 0.24301079744464005
2756 0.2582838728656616
2757 0.1675442375190133
2758 0.2316988117458624
2759 0.23560359866477892
2760 0.27705775288346796
2761 0.4210227885130443
2762 0.38694139434977926
2763 0.33421127846144993
2764 0.2784636651443072
2765 0.35424941717165526
2766 0.43037690314478927
2767 0.43224139341128365
2768 0.44917204746146494
2769 0.29910588613348127
2770 0.24702838167892882
2771 0.24904557558523008
2772 0.2516945452881985
2773 0.3398770026533863
2774 0.30487489025206743
2775 0.2830607631993604
2776 0.2544511927255449
2777 0.16199959998534932
2778 0.2851781619024362
2779 0.31030082834606076
2780 0.3296230628063625
2781 0.4464926025069646
2782 0.4420172386691743
2783 0.4367777628838442
2784 0.426367908862005
2785 0.34608921798351966
2786 0.28833497931515
2787 0.2636954398825846
2788 0.24563854989046338
2789 0.3004882706543931
2790 0.3046560659022523
2791 0.29469547771498794
2792 0.2824788179327683
2793 0.36243487152170867
2794 0.3136048732274107
2795 0.3522891064252768
2796 0.4025661020926293
2797 0.33353599802462475
2798 0.4125260907411527
2799 0.43288636109848344
2800 0.44429438588706566
2801 0.15791227377766326
2802 0.4161652172308398
2803 0.4575476396224639
2804 0.46573820030490864
2805 0.39897671328346157
2806 0.33324123759628305
2807 0.31780554549275136
2808 0.29978900314200835
2809 0.2611031635808686
2810 0.2610071151182264
2811 0.2777539601755711
2812 0.35002959404771655
2813 0.3359098932308989
2814 0.297271557966197
2815 0.3281207715557419
2816 0.3578426880870397
2817 0.26911272416446325
2818 0.3091868597271449
2819 0.3208596119110231
2820 0.2978905270235881
2821 0.2514183525245087
2822 0.2634142375477162
2823 0.26897446755575083
2824 0.26166047791739505
2825 0.29543323189832343
2826 0.2758260771384324
2827 0.30958824946239205
2828 0.35485691210726206
2829 0.6293270669688237
2830 0.6626267627797824
2831 0.6440644249712015
2832 0.5992178653230094
2833 0.42589823310920377
2834 0.4691939927576674
2835 0.4552535004201905
2836 0.40209326489935043
2837 0.42494656305998874
2838 0.4518519393734607
2839 0.4322100337313132
2840 0.41434459253822925
2841 0.259962183634781
2842 0.26357926775690493
2843 0.25011675815217216
2844 0.2546144488879855
2845 0.24506030450008842
2846 0.27326116286317426
2847 0.26734453902401123
2848 0.2718880913286402
2849 0.42169585693227096
2850 0.31227637519344426
2851 0.35567671723576816
2852 0.39772708114326905
2853 0.3751432866987364
2854 0.4074814988316584
2855 0.4133458973302201
2856 0.428699525160688
2857 0.3471611620567618
2858 0.33183809303784123
2859 0.36279256489546613
2860 0.3922512974467652
2861 0.2593162529824589
2862 0.21851632159598658
2863 0.20011999930458377
2864 0.16346780031081218
2865 0.2121240996760825
2866 0.22502189921111207
2867 0.2603384453787079
2868 0.29284397706819904
2869 0.23205038431936909
2870 0.27114229464578465
2871 0.2936428532557641
2872 0.3049502428130386
2873 0.33175315622207696
2874 0.20976575940123116
2875 0.1671819405763402
2876 0.18589413547434952
2877 0.3579727346020323
2878 0.33763821426670615
2879 0.37060446657966
2880 0.40790798958493696
2881 0.2921102534493923
2882 0.6002609306390974
2883 0.6344858595128677
2884 0.6688399971505733
2885 0.4087574839706759
2886 0.2835606761655792
2887 0.2954064400229069
2888 0.3044710501326237
2889 0.4048967153405956
2890 0.5755515172934839
2891 0.5948344514613236
2892 0.6140781177216873
2893 0.16734415157400567
2894 0.1891432514976932
2895 0.25298837737142355
2896 0.3211711573000597
2897 0.40121651976528006
2898 0.46658953431738487
2899 0.461569640089963
2900 0.45537584335773496
2901 0.5315241250895683
2902 0.4373973365849987
2903 0.4172261486690661
2904 0.379575636711166
2905 0.5273125153842072
2906 0.6387316693739242
2907 0.6522911550210685
2908 0.6649591433164216
2909 0.34729551396020186
2910 0.2979287701825763
2911 0.3459307356734653
2912 0.4148093606480876
2913 0.6638069901981866
2914 0.5058286166353946
2915 0.43379483194959995
2916 0.3827806461472373
2917 0.42624921267438215
2918 0.3735263455793771
2919 0.36287338005272013
2920 0.34234816521781875
2921 0.5336934769505775
2922 0.6889653173364221
2923 0.7107396295768562
2924 0.7302185081392938
2925 0.6790369371286613
2926 0.46571207121801644
2927 0.3128834229873636
2928 0.25271234584034663
2929 0.5019247484762549
2930 0.5704767015436439
2931 0.552831202629109
2932 0.513764160258414
2933 0.3406372907764237
2934 0.26750452965874133
2935 0.26710656584820763
2936 0.26116490440884865
2937 0.2946724405711002
2938 0.42980078603407523
2939 0.4423150235589892
2940 0.44647176058276694
2941 0.5303467270808409
2942 0.442738310339019
2943 0.3740390464362744
2944 0.3217893892103445
2945 0.25127163267116265
2946 0.4883118682874455
2947 0.46753111624480975
2948 0.44927846246298647
2949 0.35707846975377017
2950 0.34847242481210283
2951 0.34047903484365066
2952 0.35092820272054537
2953 0.2854236052930399
2954 0.29564738575295413
2955 0.30312362205922644
2956 0.3011150160721315
2957 0.3974646753182104
2958 0.2893202512934436
2959 0.2637632132130242
2960 0.21892257779832455
2961 0.3785645604590771
2962 0.3174554042983998
2963 0.2756264062490337
2964 0.26681969215055246
2965 0.266616874520099
2966 0.36252527297928877
2967 0.3750816972525848
2968 0.3787203224272973
2969 0.35047370807379485
2970 0.3313053159379529
2971 0.34930827463968483
2972 0.362315431611056
2973 0.38691658103712484
2974 0.3800982782278894
2975 0.35378495949685923
2976 0.32507100049737964
2977 0.3546174270704067
2978 0.2737229632183361
2979 0.2854708051637307
2980 0.29729383175490925
2981 0.3156679449048688
2982 0.49742761151766707
2983 0.5238353024932298
2984 0.5416036026305486
2985 0.7120866018585525
2986 0.698288350521789
2987 0.6876930326352942
2988 0.6460148518914801
2989 0.3622231366927238
2990 0.30106032045593495
2991 0.2893830460778084
2992 0.28656560713110624
2993 0.3291228599286673
2994 0.40831900153901307
2995 0.3848698823913773
2996 0.36163552716067626
2997 0.2718237736504072
2998 0.33962501618847646
2999 0.34145746669398147
3000 0.349442078937382
3001 0.3531569652093299
3002 0.4232802477099125
3003 0.4331288198334154
3004 0.4357391752181168
3005 0.24772525972916148
3006 0.21142171649562688
3007 0.2449718023012723
3008 0.2918150532964125
3009 0.32144958902124743
3010 0.4479361751105401
3011 0.47757259011075737
3012 0.5177711308716451
3013 0.38626471502312376
3014 0.3077014008522703
3015 0.3348136796714479
3016 0.3663906223661767
3017 0.3661171026082626
3018 0.3116191412824359
3019 0.34811599881433236
3020 0.3764950448954488
3021 0.29136138097271297
3022 0.33058289695516896
3023 0.3937976424900534
3024 0.4728228896298861
3025 0.2682395106577344
3026 0.2796884035487889
3027 0.30048558844134743
3028 0.3299211834878844
3029 0.24526123514025228
3030 0.36702012538475076
3031 0.38527741194028703
3032 0.4069746963729168
3033 0.40873443100246676
3034 0.3909019561147123
3035 0.38118848445566467
3036 0.3631277440971076
3037 0.438941745888641
3038 0.47904719040900273
3039 0.4733679874309627
3040 0.4638886463941994
3041 0.42942361891736197
3042 0.43366696436219415
3043 0.4161987091424831
3044 0.40196185581613947
3045 0.21891484868510608
3046 0.49590260220386073
3047 0.5312560632169977
3048 0.5469174338743557
3049 0.5434944098338288
3050 0.37428414941948646
3051 0.36347938309096284
3052 0.3519734925501352
3053 0.3468173524716579
3054 0.27101587109834496
3055 0.22078023685799583
3056 0.2022035930520402
3057 0.2558031234199208
3058 0.223672784434796
3059 0.23474762446010647
3060 0.26617980682422987
3061 0.32293821076293333
3062 0.3389770952330724
3063 0.34430780716761633
3064 0.34555260113867015
3065 0.30214392865270207
3066 0.3513310477089538
3067 0.3984014916956805
3068 0.44220332391877293
3069 0.3062062522317204
3070 0.28479934796549866
3071 0.2787637925147237
3072 0.274588254656129
3073 0.34474430793466027
3074 0.37642290229455005
3075 0.39058003359883026
3076 0.3934963859146525
3077 0.3785254791181245
3078 0.4300373058792681
3079 0.46537592741009653
3080 0.4973330028266232
3081 0.4121071247108024
3082 0.22110381381286742
3083 0.2387303599440531
3084 0.29520250623678435
3085 0.2886468022391962
3086 0.17225389557968804
3087 0.19975178916631528
3088 0.22857342530604924
3089 0.2713305912788689
3090 0.3549655033173663
3091 0.421448395254558
3092 0.49689158396749755
3093 0.3688742191526299
3094 0.18010528303251688
3095 0.21752163747537476
3096 0.2710455360716147
3097 0.2936458718510653
3098 0.2615270164581501
3099 0.2966952041818236
3100 0.2929471659659213
3101 0.265118897198242
3102 0.28315011247771604
3103 0.268975685288026
3104 0.2727231872643951
3105 0.38644296360571473
3106 0.2392894268335857
3107 0.2432493388912133
3108 0.25326690187633144
3109 0.42472671980309207
3110 0.3341177837747082
3111 0.3035985610521235
3112 0.2596992386054605
3113 0.31651274784261907
3114 0.33778406840682307
3115 0.3370933645991938
3116 0.30847594277681606
3117 0.21359783762808804
3118 0.3714033085780555
3119 0.39275990655810994
3120 0.40552392649121116
3121 0.3009232089092411
3122 0.38474933063767985
3123 0.43049301638826826
3124 0.475006010417791
3125 0.35872008006473116
3126 0.3653086543809512
3127 0.36559629602292465
3128 0.36018663518842
3129 0.3589461726421546
3130 0.4217491636813808
3131 0.4073160974019547
3132 0.40038355858985464
3133 0.4300078650081974
3134 0.35307231284947815
3135 0.34595420665538756
3136 0.33281151719403107
3137 0.3243727332633993
3138 0.6373137400511091
3139 0.7050821983682487
3140 0.7433199359134214
3141 0.6191418160023435
3142 0.5312915133516872
3143 0.48279761798798404
3144 0.4461701156207076
3145 0.37272665843253583
3146 0.4098192330966659
3147 0.41059625209545536
3148 0.4225426664851913
3149 0.3528879060246338
3150 0.3919733705394113
3151 0.4074650854052507
3152 0.41624392347688033
3153 0.4282009579074004
3154 0.32666400643410987
3155 0.28050445731684975
3156 0.28880487350795303
3157 0.33456242941729997
3158 0.33468978805113997
3159 0.3434388191098317
3160 0.3645586238043026
3161 0.3460712270155825
3162 0.34736334617143066
3163 0.3478906549173205
3164 0.3393053061419291
3165 0.3414399333619521
3166 0.3313495994728668
3167 0.3145978115572978
3168 0.29691325527575263
3169 0.29562930792060915
3170 0.32410715495329756
3171 0.3091211085520673
3172 0.29458150410661504
3173 0.3547769996838159
3174 0.3165341202158644
3175 0.31616201071497707
3176 0.31351719529527433
3177 0.15299743900721882
3178 0.1367118953077937
3179 0.14238767136809183
3180 0.1438680688790796
3181 0.19160121456250803
3182 0.2262952334567902
3183 0.224690825710657
3184 0.22344678623165284
3185 0.2866438431110105
3186 0.31752390902571476
3187 0.31250826757641115
3188 0.3178084245720095
3189 0.5143249091286283
3190 0.5530154668631282
3191 0.5595064695908475
3192 0.5627860093822619
3193 0.35964947083423154
3194 0.1896725961865396
3195 0.1763404585841423
3196 0.1779126393211348
3197 0.314992874779368
3198 0.3264172856095462
3199 0.33741220616008316
3200 0.33373744232134384
3201 0.3239452216580842
3202 0.3102108934655592
3203 0.31183730803440957
3204 0.30822742596388264
3205 0.38187093558804736
3206 0.4072282564781435
3207 0.41598550038866094
3208 0.4187084644198837
3209 0.3948639213787379
3210 0.40259022601946476
3211 0.3854430748527622
3212 0.3637754573177991
3213 0.27191247171735355
3214 0.33188801447918076
3215 0.34267577184539005
3216 0.345294204806677
3217 0.26835069009344276
3218 0.28207013870121217
3219 0.299366531680617
3220 0.30600836021830413
3221 0.2274107923100217
3222 0.23643873145944097
3223 0.25050111541136455
3224 0.26796919428513427
3225 0.33742012704387064
3226 0.3430679370553418
3227 0.33901981320693786
3228 0.3289873590058001
3229 0.31705772362405776
3230 0.5004807803053252
3231 0.5122463300096283
3232 0.5076298392714002
3233 0.37138157789821513
3234 0.17527250015013704
3235 0.17986247563449367
3236 0.18607541908725217
3237 0.28818647144383935
3238 0.3389061753893809
3239 0.34893513569240314
3240 0.3504767462077958
3241 0.367662984799196
3242 0.5031925019415758
3243 0.5291867816302461
3244 0.5345213534836316
3245 0.5754109221304556
3246 0.35225849672755544
3247 0.24490568524157236
3248 0.22156678527625562
3249 0.18923113148056325
3250 0.21941936965750491
3251 0.2419882919559631
3252 0.26573595657208265
3253 0.3915420174177759
3254 0.5960139411113887
3255 0.6317814376293039
3256 0.6631540509692162
3257 0.5846061004464836
3258 0.38951076819081437
3259 0.34302013850296426
3260 0.34512292438674547
3261 0.28558942414730054
3262 0.3296176524302847
3263 0.331452625007562
3264 0.3316896322101613
3265 0.3307040991893069
3266 0.26753239572082665
3267 0.2620072596002057
3268 0.2727994472216757
3269 0.3224792810192249
3270 0.3756775143240834
3271 0.39087171710733215
3272 0.40665245356287116
3273 0.3889181116645715
3274 0.3959579741539072
3275 0.3939762566374337
3276 0.3915245313822559
3277 0.38501320440943715
3278 0.31986031987882213
3279 0.3796767851534403
3280 0.41901643792409055
3281 0.223457801731374
3282 0.2721856048814938
3283 0.38789645924894484
3284 0.48176630436885537
3285 0.27746405688341896
3286 0.2971904571992565
3287 0.32835254582498186
3288 0.3691713839149034
3289 0.29071322946772316
3290 0.39047989710205383
3291 0.4001823175707049
3292 0.4107585890876506
3293 0.41255995886196617
3294 0.2644160068588747
3295 0.32959091712557403
3296 0.45096176075292255
3297 0.4275618895064608
3298 0.4384978036888307
3299 0.437373802460382
3300 0.4334397404794082
3301 0.2554600928990274
3302 0.4051550829698479
3303 0.443532210595381
3304 0.47924176132059676
3305 0.41333552956867126
3306 0.3553779395369619
3307 0.33564687658577375
3308 0.31385302084564903
3309 0.23858336176162756
3310 0.383893560227641
3311 0.41345613995070885
3312 0.42989724041927935
3313 0.44481762927724017
3314 0.4022424689362785
3315 0.3959411269113632
3316 0.3874927876633439
3317 0.3084239334019477
3318 0.2926012853508102
3319 0.28435765834840393
3320 0.28160687113240135
3321 0.4053805201955302
3322 0.33640460892801644
3323 0.3048962190131091
3324 0.25040195891171463
3325 0.2842425030263895
3326 0.32613055188869977
3327 0.3208922082270508
3328 0.3186376441649143
3329 0.3094001023865844
3330 0.19509264445200272
3331 0.1942156379611845
3332 0.1934530513909328
3333 0.29658309590267673
3334 0.36854458259359796
3335 0.37134175615278475
3336 0.36921918325219055
3337 0.3477068336334459
3338 0.31833827572223405
3339 0.3001554503988243
3340 0.2755199886869282
3341 0.2954111582865633
3342 0.2936191028778297
3343 0.28664759948472374
3344 0.2788763471862159
3345 0.27642087475003324
3346 0.2551930762048469
3347 0.23483108463728988
3348 0.265113158545181
3349 0.3667852848793233
3350 0.4174050554187882
3351 0.42232922184118576
3352 0.4318678660684783
3353 0.44532763398819075
3354 0.4501105002804362
3355 0.46951059867604683
3356 0.4857378625705497
3357 0.44091541093865744
3358 0.39927126158382287
3359 0.3800543213869561
3360 0.35880494086766784
3361 0.3494848595475653
3362 0.2061340569229937
3363 0.10914212271939211
3364 0.297304939647179
3365 0.3742741559941973
3366 0.3623984367224323
3367 0.3560569015077499
3368 0.33480988988188654
3369 0.3760275192610948
3370 0.3746218469079589
3371 0.36429033591817667
3372 0.36096003066512705
3373 0.270452464898957
3374 0.2513802983995871
3375 0.23495448509141853
3376 0.2290390765565987
3377 0.22491998136542332
3378 0.10254835499535886
3379 0.11797093992699755
3380 0.20758008757572868
3381 0.1659139855952019
3382 0.29818736316472005
3383 0.33359099996502084
3384 0.37119895903013767
3385 0.34520211377354565
3386 0.3594881786317553
3387 0.3762208331460504
3388 0.3890094586212195
3389 0.3559889678761752
3390 0.3235934787055571
3391 0.29964209542644654
3392 0.2618520428321987
3393 0.12987294779441366
3394 0.25469416301514197
3395 0.2625790630721301
3396 0.2703893875847406
3397 0.20632636916341685
3398 0.15479398991986934
3399 0.14400804247247737
3400 0.13706733644090127
3401 0.22632489250790888
3402 0.22870459086638215
3403 0.25620586217984903
3404 0.2670179630496788
3405 0.33888613251523414
3406 0.2597676575254909
3407 0.20214992079522584
3408 0.15367104120212133
3409 0.33551887562018945
3410 0.37009533550832524
3411 0.36714487300326887
3412 0.36340670180576196
3413 0.3136282921895774
3414 0.3560997989943881
3415 0.33588475252606637
3416 0.3383939199554789
3417 0.34160932043400016
3418 0.44473512367324547
3419 0.46298321004416254
3420 0.48801824599375
3421 0.3764110596672904
3422 0.30639496985078996
3423 0.25515662244535864
3424 0.1846682061089738
3425 0.12256012950823034
3426 0.1286951549477326
3427 0.1685846810059119
3428 0.19534143588045605
3429 0.4682138697203409
3430 0.49446596495019907
3431 0.4932510276440909
3432 0.4761529745619987
3433 0.44765972262527215
3434 0.4002569064949634
3435 0.37574788973815787
3436 0.3449478753147386
3437 0.2688740586444565
3438 0.24045423161485652
3439 0.23951728923936877
3440 0.23119337327181866
3441 0.22022418677609676
3442 0.18359995205281082
3443 0.1723536082269328
3444 0.1924988094781153
3445 0.2908384144141911
3446 0.26154089459352897
3447 0.26213341527569983
3448 0.25280067941572537
3449 0.363480362841114
3450 0.36313844692505653
3451 0.3654305427314042
3452 0.3595410399824405
3453 0.4573971158279813
3454 0.4143737841404633
3455 0.36820506359163446
3456 0.31403124838176616
3457 0.2048229638200696
3458 0.19823168018347806
3459 0.18203088273932644
3460 0.18943104506151856
3461 0.18039998869108653
3462 0.1729921591121489
3463 0.18158753292621543
3464 0.19817203323690283
3465 0.1844189820949127
3466 0.13392286477839804
3467 0.14671466209724585
3468 0.15352901596458848
3469 0.21327205795996462
3470 0.3280075485529872
3471 0.34184968541399163
3472 0.35048822604774166
3473 0.35701593581430396
3474 0.15958709106568442
3475 0.18547939671371302
3476 0.3149404556782676
3477 0.2880464189741651
3478 0.3756136921980066
3479 0.3887510192128261
3480 0.4025466833908124
3481 0.32882537751088886
3482 0.2035609363867385
3483 0.19825333081018232
3484 0.2316331125291025
3485 0.2387920401922069
3486 0.3349050414020168
3487 0.3528784493699178
3488 0.3729299205828879
3489 0.3559470068308932
3490 0.3057545730257909
3491 0.2871069604417891
3492 0.33080630408243666
3493 0.32641795973573035
3494 0.3409728100456346
3495 0.3457602016792963
3496 0.33617041881593185
3497 0.3023378226621826
3498 0.384661481533663
3499 0.41407795866111646
3500 0.41334176437922304
3501 0.16547995530654822
3502 0.22517669582873637
3503 0.2657442514841664
3504 0.27371276716194903
3505 0.4002028961354843
3506 0.41119503056472206
3507 0.39752500855855716
3508 0.3703142843328145
3509 0.27020310081531373
3510 0.46943814133001316
3511 0.507330865096732
3512 0.5334708405723324
3513 0.5198902635907935
3514 0.48197483507061334
3515 0.42898092216069056
3516 0.3530828923067972
3517 0.4059999584539274
3518 0.3910381737184734
3519 0.36497383437237235
3520 0.36660339406977444
3521 0.42807657198394644
3522 0.3880631514049286
3523 0.40101296794427455
3524 0.40666355881380134
3525 0.37152104693198146
3526 0.3733209178468267
3527 0.35627830491457674
3528 0.3417770352620261
3529 0.26099998296430066
3530 0.35812175379170164
3531 0.37537007743658446
3532 0.3977022297845517
3533 0.37074980022097836
3534 0.3789033612552899
3535 0.3690739501590759
3536 0.35820763362470964
3537 0.19834949964386434
3538 0.3210151659348009
3539 0.34972837062685314
3540 0.3634000049568401
3541 0.36597157364877225
3542 0.30240782474317734
3543 0.28914968025219995
3544 0.2687942014405846
3545 0.32478970486033765
3546 0.37065838885131525
3547 0.3809779079368705
3548 0.3917859898371411
3549 0.3847625310190846
3550 0.3058845557222472
3551 0.28092139443027947
3552 0.275092253442137
3553 0.316313612008452
3554 0.3000106537375468
3555 0.29068115434354513
3556 0.28454470860281267
3557 0.2227911481362558
3558 0.15109655228717636
3559 0.16576584906430447
3560 0.2070483827318453
3561 0.33243921519273434
3562 0.37393626919265077
3563 0.38590493425170963
3564 0.4012147188992042
3565 0.38883638085840827
3566 0.4244055053240788
3567 0.427676449495728
3568 0.41709277959183544
3569 0.44990063944917486
3570 0.42075049026885136
3571 0.40994492343593847
3572 0.3934434069111781
3573 0.30989692634612565
3574 0.11663480173767656
3575 0.18328898904771554
3576 0.27692724582236683
3577 0.40479078269419433
3578 0.39501352845788396
3579 0.3927715733883792
3580 0.3879828751251048
3581 0.4382560425857088
3582 0.4099938930880023
3583 0.40323557354560013
3584 0.3609467490780184
3585 0.4053301030480267
3586 0.34886438979625867
3587 0.33882334796888774
3588 0.3132586081157549
3589 0.3833198779119426
3590 0.28817095482645316
3591 0.3038201566839266
3592 0.32319093369428925
3593 0.28630033490938306
3594 0.3054381712213814
3595 0.28453582757085183
3596 0.2884119737084821
3597 0.3442926872892076
3598 0.2619997324138921
3599 0.2267270909539402
3600 0.22857483130130937
3601 0.19362688973102046
3602 0.29239192234676076
3603 0.3153183366792846
3604 0.33383573332536604
3605 0.38928497955170255
3606 0.4209417200830668
3607 0.427706677439284
3608 0.42990787278702935
3609 0.4223520781876601
3610 0.3004201030201689
3611 0.26190624611396396
3612 0.21471841853684004
3613 0.26790631433558537
3614 0.18826574649724948
3615 0.2365900108624468
3616 0.2794610789613923
3617 0.20564356906493314
3618 0.19124216958158027
3619 0.2271759556315288
3620 0.2517491743231254
3621 0.2925391973321381
3622 0.279641666616221
3623 0.2944267793447098
3624 0.2988819571153169
3625 0.37025054928160567
3626 0.3974977459641196
3627 0.3717949349181248
3628 0.3175540568603057
3629 0.25797399281240585
3630 0.30463582936926925
3631 0.3063656260442801
3632 0.3211747601018503
3633 0.21608443910428807
3634 0.11990662955261663
3635 0.12018802077726348
3636 0.14223419179547397
3637 0.2836913599566732
3638 0.31010331259701585
3639 0.32186421038069557
3640 0.32784026869740146
3641 0.38607278602659295
3642 0.33354438386893714
3643 0.3146163886525807
3644 0.27457728086688876
3645 0.25444853027894465
3646 0.38463157199487635
3647 0.3990578242393396
3648 0.40448186216172116
3649 0.28241940682065286
3650 0.36773495712231485
3651 0.39467655535805873
3652 0.3882853027647331
3653 0.27566275780151506
3654 0.33515131060324443
3655 0.3452306462297013
3656 0.3487057713058238
3657 0.31738826976791573
3658 0.3338268101190825
3659 0.3357235103256469
3660 0.32447388002057254
3661 0.3284544554922004
3662 0.3887676137673219
3663 0.3971379409433501
3664 0.40591237960909166
3665 0.41073689906599237
3666 0.395352274513029
3667 0.38396517609866143
3668 0.3624274989397935
3669 0.523497058114501
3670 0.4302498036397507
3671 0.3886335055116962
3672 0.35685070059855584
3673 0.25217720032242824
3674 0.2676676892951907
3675 0.2707139522959069
3676 0.2689316247058511
3677 0.3747302739454054
3678 0.40933340112089134
3679 0.41515667254752664
3680 0.419289918553325
3681 0.38503369205345983
3682 0.3311375149999002
3683 0.34864265029938224
3684 0.3554868756161193
3685 0.34739647168203763
3686 0.3550709654268108
3687 0.32947476804378284
3688 0.3109625499388385
3689 0.3368172958181763
3690 0.3701680836284403
3691 0.37361617661064694
3692 0.37960643573630914
3693 0.36288015437479587
3694 0.3761568991732013
3695 0.37880885619302046
3696 0.38801257989325866
3697 0.434860317542495
3698 0.4202508952002422
3699 0.40183915345320326
3700 0.37601536778583433
3701 0.3195103542054036
3702 0.32069337721653624
3703 0.3015119151812441
3704 0.2856112689151561
3705 0.29665754696060687
3706 0.2566093482962827
3707 0.25315379505197483
3708 0.24929969378277464
3709 0.20079249114480732
3710 0.23310831294155634
3711 0.23226896377653422
3712 0.23362770406399533
3713 0.43069091264724013
3714 0.4523685769282368
3715 0.4470192445977898
3716 0.44169129302331234
3717 0.4521647286432284
3718 0.4519940303965484
3719 0.4460219258606108
3720 0.4381396831838787
3721 0.3729565470647555
3722 0.2925434564038988
3723 0.2660134981702134
3724 0.2420246592585265
3725 0.19449534139406388
3726 0.1617491391918475
3727 0.19181438370570036
3728 0.23422852286350873
3729 0.33115330540214466
3730 0.32389532806163324
3731 0.32409294335073824
3732 0.318434046235451
3733 0.3255278786794847
3734 0.31504632460198134
3735 0.31650315939463625
3736 0.312927462983838
3737 0.3712078763316008
3738 0.3981889725880147
3739 0.4030149635743632
3740 0.4039505917657305
3741 0.3558285022483424
3742 0.18027790142446057
3743 0.20398403867629436
3744 0.24601007286969637
3745 0.2843325175360533
3746 0.3130451706926094
3747 0.31666578284596714
3748 0.3159499425616097
3749 0.2542283695312939
3750 0.2469057677784853
3751 0.26170776408622165
3752 0.28052046144765247
3753 0.28271889487237495
3754 0.29449650646891656
3755 0.2910545470697478
3756 0.2947213797281037
3757 0.3685088825837665
3758 0.49154012405695274
3759 0.4832025316048524
3760 0.4515159726500592
3761 0.4196399704573465
3762 0.37688124554760566
3763 0.3419558337893796
3764 0.30003396690233747
3765 0.2669316018323156
3766 0.2288664155362862
3767 0.2206567349245411
3768 0.23730544876871454
3769 0.3493194621192901
3770 0.36395822663935856
3771 0.36417551640466767
3772 0.36709997022311136
3773 0.46516080681898214
3774 0.37464892438346153
3775 0.28922101194406047
3776 0.28507042633137236
3777 0.16340382937356235
3778 0.1980949368241864
3779 0.22108023182317843
3780 0.2456940363584151
3781 0.26216412368998837
3782 0.39812694252937597
3783 0.4405049890470036
3784 0.48208905979653965
3785 0.5236297724980323
3786 0.5073796254457704
3787 0.5000100463861368
3788 0.4928208619310026
3789 0.34381277564814927
3790 0.3137528801618325
3791 0.32595795120890286
3792 0.3367249394988803
3793 0.2957379959671103
3794 0.3032569230354261
3795 0.30207154127127794
3796 0.31576906405416677
3797 0.3405355236717402
3798 0.3088400131249633
3799 0.30068270096842215
3800 0.2872070941145516
3801 0.28566782990962775
3802 0.3154730941094328
3803 0.32474783878901325
3804 0.33307940623390053
3805 0.3919819844857308
3806 0.40730387196856144
3807 0.40699079164600815
3808 0.41596522599288116
3809 0.44716682448742723
3810 0.30079933755961646
3811 0.24705115006662817
3812 0.24226923982916534
3813 0.26182089218035887
3814 0.1113103904016355
3815 0.09048344937898045
3816 0.09870686421424724
3817 0.2676954380653546
3818 0.2644939129489461
3819 0.2760069234161338
3820 0.2899611633450413
3821 0.26805975809408306
3822 0.2597294743169087
3823 0.24577929628890333
3824 0.23818314085154757
3825 0.4066725419253932
3826 0.3827675491842663
3827 0.3569455230926503
3828 0.3186991649616315
3829 0.3371518268350172
3830 0.4152730463164061
3831 0.41858157801271545
3832 0.42255179305281854
3833 0.508130517193187
3834 0.5785844266910605
3835 0.5425741155798345
3836 0.5253992380765401
3837 0.3862583927394306
3838 0.368809593513133
3839 0.36043887095156746
3840 0.3537733125093627
3841 0.3303111624079126
3842 0.4559987667180509
3843 0.46768014261284735
3844 0.45555919196703437
3845 0.43804185689523034
3846 0.435161365552908
3847 0.42805096131602627
3848 0.423776127623728
3849 0.3252426063246898
3850 0.32459158646160496
3851 0.3458838946221034
3852 0.31463984421940244
3853 0.43675454831099997
3854 0.609351790634809
3855 0.6109454950563223
3856 0.6252328103605841
3857 0.31734717865011236
3858 0.3036336741563792
3859 0.32546151650424493
3860 0.34536742624914235
3861 0.3404632891468491
3862 0.5145338442899487
3863 0.5266958093440259
3864 0.5162486165864871
3865 0.33077166464630264
3866 0.3452362737914794
3867 0.37362125345262764
3868 0.3977529564318108
3869 0.3901247829627917
3870 0.33403309334699205
3871 0.30625809407183735
3872 0.27178342908079656
3873 0.2640926337293933
3874 0.46305214221211916
3875 0.5063990516057932
3876 0.5110491244838763
3877 0.3330915166410236
3878 0.2951301164533725
3879 0.2961056363059323
3880 0.296509862378492
3881 0.487309591519624
3882 0.5067173462018297
3883 0.5399614743625744
3884 0.554538403942899
3885 0.6735743558934443
3886 0.6119090546684058
3887 0.5710702932412064
3888 0.5058373390757087
3889 0.4438913805733205
3890 0.4637534208735034
3891 0.4554200596851041
3892 0.4275181796572438
3893 0.45150055235817455
3894 0.43821581660913
3895 0.3914190046769971
3896 0.30228506444543785
3897 0.3644355515634267
3898 0.353739995195504
3899 0.35912026370149647
3900 0.3524057591627861
3901 0.42589997066449475
3902 0.4388551725600092
3903 0.4207394880782154
3904 0.3935892930481193
3905 0.4948521301351678
3906 0.47446878091207084
3907 0.45012205913341924
3908 0.4349775515600156
3909 0.23542862333496906
3910 0.13677668586777605
3911 0.13980208916034137
3912 0.16987611106857392
3913 0.4099488077423963
3914 0.3653486714522039
3915 0.3527464526542211
3916 0.33195539128199425
3917 0.3527587523091001
3918 0.38585324393363457
3919 0.3938466307103686
3920 0.39041046141923025
3921 0.3997339038357262
3922 0.38628247274828037
3923 0.3752552073562569
3924 0.3517830354809395
3925 0.21928399012053867
3926 0.22830154383954382
3927 0.23524399856754943
3928 0.244698977895281
3929 0.27228708600615936
3930 0.2898759161784248
3931 0.29240216064993907
3932 0.30006181607333204
3933 0.41728842085556755
3934 0.41433503109872283
3935 0.41402428266837416
3936 0.40490457264243934
3937 0.3050871320352237
3938 0.33608330010802695
3939 0.35259542787067727
3940 0.37978305056154604
3941 0.13548507703411622
3942 0.4223538309513563
3943 0.5206148862940637
3944 0.5906178494509267
3945 0.5557885159135175
3946 0.5600945306814711
3947 0.566056973849525
3948 0.5644729743875355
3949 0.5484538945856771
3950 0.5501582122471061
3951 0.5482942496744929
3952 0.5442572170397451
3953 0.40919073434280984
3954 0.35427710078231966
3955 0.327231797623566
3956 0.35133960852907237
3957 0.3757347703449713
3958 0.33889301732940025
3959 0.4055686697164426
3960 0.491035608504852
3961 0.6163699145292296
3962 0.6045808592755643
3963 0.5817399256133984
3964 0.5558275683132179
3965 0.37236015000378514
3966 0.2589253793434373
3967 0.20456312513498412
3968 0.2116281353984347
3969 0.22911748001329035
3970 0.23185673704931212
3971 0.22903335647244077
3972 0.22779938010152623
3973 0.2978308530505926
3974 0.3469475181034487
3975 0.3702111221381562
3976 0.38597577573078606
3977 0.40587140592380555
3978 0.3976263208458187
3979 0.39157495651240787
3980 0.3824203806360924
3981 0.35543137080851905
3982 0.34464348696724867
3983 0.34297075513688086
3984 0.3218602236937158
3985 0.4202320100077111
3986 0.40222266478298524
3987 0.38701445876658086
3988 0.36798705635786083
3989 0.3594136989196583
3990 0.36411467387401886
3991 0.3677701303887626
3992 0.3691757214987282
3993 0.35260551263155643
3994 0.32586216692461856
3995 0.3211209003375533
3996 0.31300503257239853
3997 0.33005691128582665
3998 0.3235340101973532
3999 0.31887533760488845
4000 0.31532039755852037
4001 0.34013041415432776
4002 0.3697141141229931
4003 0.3761402379639049
4004 0.36961868695906425
4005 0.39253129435014095
4006 0.35213763921932145
4007 0.340523362138147
4008 0.34889712824740665
4009 0.38776908169405744
4010 0.4055833408798507
4011 0.4074211714747711
4012 0.4079204800537045
4013 0.23314209442846137
4014 0.2666850363462238
4015 0.2826592052949774
4016 0.28844577759051593
4017 0.4156772824690891
4018 0.3663027096853261
4019 0.32259230770900804
4020 0.2726082552294617
4021 0.11280093629279848
4022 0.34877129565086473
4023 0.4163221932918033
4024 0.49871311162864307
4025 0.5177066169981059
4026 0.5318325915744163
4027 0.5455600323715808
4028 0.5497599963840519
4029 0.5269203051008378
4030 0.35658855244278076
4031 0.309138052609517
4032 0.3482702148733198
4033 0.38394612103959125
4034 0.3720233422772316
4035 0.3613730971106022
4036 0.35984618808261515
4037 0.3659541769224448
4038 0.547269520183856
4039 0.5771050303448503
4040 0.6135943019753569
4041 0.617748990148488
4042 0.6192459213012903
4043 0.6045596700584829
4044 0.5765495221745899
4045 0.5659957849935561
4046 0.4687620796293582
4047 0.4143327707632261
4048 0.37660752059337005
4049 0.3215618646996626
4050 0.3130621111123144
4051 0.29749048700324743
4052 0.31394297544728195
4053 0.47882458879490214
4054 0.5739095294839912
4055 0.5711756606940906
4056 0.570408930033503
4057 0.4152946598883124
4058 0.34781838465392767
4059 0.3518769801734646
4060 0.352093842590924
4061 0.5807328788208773
4062 0.44253754122254535
4063 0.3928717579975887
4064 0.3254123239841395
4065 0.29537590587976154
4066 0.2957953169277539
4067 0.27994166624150874
4068 0.2590980511627961
4069 0.359370313226279
4070 0.40683218211793243
4071 0.40484409835731844
4072 0.39455787452208674
4073 0.3750082766607826
4074 0.3313668185503424
4075 0.31510958351676216
4076 0.3051516147582133
4077 0.31079039468552583
4078 0.28205551997463507
4079 0.28987985303763736
4080 0.2872067202290444
4081 0.2845374916486111
4082 0.2968295035752984
4083 0.28740789031941594
4084 0.2812455456769445
4085 0.37250101616675607
4086 0.4316711182142834
4087 0.4561771967845977
4088 0.4847595624914656
4089 0.5301472341397006
4090 0.5232285803429078
4091 0.5145230041089928
4092 0.5049423628225481
4093 0.3615500429830536
4094 0.3893663774007657
4095 0.3977158632608762
4096 0.4065461342767951
4097 0.37676130727952534
4098 0.4159661427106233
4099 0.42192361771035186
4100 0.4239928389681822
4101 0.3879552340567201
4102 0.38893311999203795
4103 0.3890562517793846
4104 0.3879290371665664
4105 0.3879087814254518
4106 0.37370172049503014
4107 0.36679540394451937
4108 0.3552013176917758
4109 0.33275275743838356
4110 0.3159735137061743
4111 0.3111042256259313
4112 0.30293891352179314
4113 0.28766821118099617
4114 0.3743812132321256
4115 0.41949144456715676
4116 0.45236733202935686
4117 0.4243226309144755
4118 0.37076572532927404
4119 0.3513286672064841
4120 0.3323904100201397
4121 0.31945087831992225
4122 0.3091357584922585
4123 0.30633915822232977
4124 0.30148012615009545
4125 0.29111694807205657
4126 0.267339029117475
4127 0.2638642898793318
4128 0.25545220630952703
4129 0.22305910446071137
4130 0.24632991899875553
4131 0.2972637978848004
4132 0.3512166094391662
4133 0.2688092905769737
4134 0.18597189994465768
4135 0.145234078439662
4136 0.13074294622269614
4137 0.4309741068891767
4138 0.39149257043647867
4139 0.36653078838823766
4140 0.3423249204255576
4141 0.32038501418886295
4142 0.29717171970004663
4143 0.2695407611480896
4144 0.25387235104534106
4145 0.36126001791073276
4146 0.247643012633407
4147 0.26575288637479394
4148 0.2856347129075462
4149 0.2525726588797392
4150 0.3142893303627405
4151 0.2976451240284561
4152 0.288590673504119
4153 0.4807930410852806
4154 0.5337606658880458
4155 0.5512308625237745
4156 0.5629508928299412
4157 0.4994207513688753
4158 0.41864269932273934
4159 0.3728577159326839
4160 0.3245970238389047
4161 0.3502415696769093
4162 0.33511802069957025
4163 0.3409597846820219
4164 0.34006432101979983
4165 0.23109634134720347
4166 0.3299061084376738
4167 0.3752116923777949
4168 0.4165689312742506
4169 0.4715434246303399
4170 0.37553486284621046
4171 0.3430536341129628
4172 0.34237388196324825
4173 0.3291257295940615
4174 0.3426023329574565
4175 0.34993721479091794
4176 0.43076339298480065
4177 0.2855659206403872
4178 0.2110865343851959
4179 0.2174603955015409
4180 0.2318582059771621
4181 0.20328836882114187
4182 0.247989131122777
4183 0.2607287327714037
4184 0.27431593431570356
4185 0.2440467547694246
4186 0.24754582496055721
4187 0.288887944698224
4188 0.31688163560946164
4189 0.2321861777793344
4190 0.2836805757173566
4191 0.3103987867298779
4192 0.3390458719778297
4193 0.3194049990017011
4194 0.28085290700295507
4195 0.2738716721695812
4196 0.26214583888551923
4197 0.2463104546019748
4198 0.3011568902925372
4199 0.3158794163547968
4200 0.32799231875864576
4201 0.324914393753404
4202 0.36802587208184623
4203 0.3802639062099047
4204 0.3935537851167657
4205 0.27983505143156434
4206 0.27887763616868316
4207 0.27174738177329755
4208 0.2619535536454079
4209 0.2721142340473293
4210 0.25555850405777414
4211 0.27470229805246055
4212 0.28226968392867646
4213 0.5531754295804565
4214 0.6244582512885211
4215 0.6378228085507347
4216 0.6363164331647784
4217 0.7055283008922975
4218 0.6076458039518945
4219 0.5435059224245292
4220 0.4525501709376671
4221 0.34968505242266246
4222 0.3295474374676438
4223 0.3196120264003319
4224 0.3028072285131112
4225 0.3382934097461006
4226 0.3859140289451149
4227 0.39011742251268344
4228 0.38708250536868144
4229 0.3923317557629684
4230 0.3978000950905985
4231 0.39241530847837797
4232 0.3818770715081507
4233 0.41441791235103004
4234 0.42383825325104696
4235 0.3972592668452789
4236 0.4410188600378603
4237 0.4357504162004447
4238 0.37295467614883554
4239 0.3858057978188655
4240 0.39049266653105213
4241 0.2948287991679108
4242 0.30669696321872814
4243 0.3213937885439447
4244 0.3341283556778701
4245 0.2680175731906137
4246 0.2990849359891299
4247 0.32113003666903867
4248 0.3444829874692226
4249 0.3049973237724139
4250 0.32248992554298583
4251 0.33600048230426743
4252 0.3380404515260248
4253 0.28216911796124194
4254 0.1725281343300719
4255 0.20490048727753468
4256 0.24691877558420014
4257 0.29928095692450707
4258 0.33700337300998195
4259 0.33353745952878966
4260 0.3334715888531627
4261 0.29827008228547797
4262 0.3204006802021253
4263 0.3309205710273252
4264 0.3384304691369747
4265 0.39080495538385923
4266 0.42668480576867424
4267 0.43038389878464384
4268 0.4218036201916403
4269 0.3873812369158665
4270 0.44802580236218686
4271 0.4862474021124165
4272 0.5189538612199447
4273 0.5327011294759217
4274 0.5590302707297095
4275 0.5634215214298033
4276 0.5493080803290579
4277 0.4304540567434394
4278 0.4922287433338838
4279 0.4811859032169027
4280 0.4742443959583452
4281 0.3363409117983568
4282 0.4148418985903699
4283 0.4300184851184319
4284 0.45235061684675204
4285 0.47924681936636176
4286 0.47546666558102096
4287 0.4666260364039625
4288 0.4495601472569922
4289 0.4676103754687234
4290 0.47349743081912504
4291 0.46244587511274343
4292 0.4366019445344551
4293 0.3652453424294039
4294 0.3277490241747007
4295 0.30300649512118216
4296 0.28529281580754584
4297 0.23109235327970912
4298 0.16153939613541424
4299 0.16119556469571716
4300 0.18748810030298196
